-2.08816 4.72626e -05 - 2.20797e-5
-2.14352 0.00500828 -0.00186665
-2.19857 0.00935053 -0.00366315
-2.2533 0.0127029 -0.00543951
-2.3077 0.0141329 -0.00649435
-2.36174 0.0141769 -0.00654311
-2.4154 0.0140769 -0.0066418
-2.46867 0.0122553 -0.00504186
-2.52152 0.00908977 -0.00109536
-2.57394 0.00579013 0.00487239
-2.6259 0.00274367 0.0139737
-2.67739 0.0012042 0.0261357
-2.7284 0.00247954 0.0409865
-2.77889 0.00738348 0.0569162
-2.82885 0.0159682 0.0722797
-2.87827 0.0273315 0.0858607
-2.92713 0.0408729 0.0972714
-2.9754 0.05566 0.105867
-3.02307 0.0697399 0.111827
-3.07013 0.0836153 0.115161
-3.11655 0.0950087 0.11733
-3.16231 0.106194 0.118862
-3.20741 0.116798 0.120249
-3.25181 0.127616 0.12155
-3.29552 0.138595 0.122885
-3.3385 0.149847 0.1243
-3.38074 0.161446 0.12576
-3.42222 0.173366 0.127069
-3.46294 0.185121 0.128252
-3.50286 0.196966 0.129197
-3.54198 0.208588 0.129753
-3.58028 0.219734 0.129976
-3.61775 0.230464 0.129831
-3.65436 0.240447 0.1296
-3.69011 0.250284 0.129512
-3.72497 0.260437 0.129321
-3.75894 0.270405 0.129181
-3.79199 0.280542 0.129201
-3.82412 0.291003 0.129117
-3.85531 0.301328 0.128928
-3.88554 0.311477 0.128697
-3.91481 0.32155 0.128619
-3.94309 0.33199 0.128604
-3.97039 0.342559 0.128358
-3.99667 0.352711 0.128069
-4.02193 0.362748 0.127589
-4.04617 0.372376 0.127452
-4.06936 0.382744 0.12713
-4.09149 0.392742 0.126817
-4.11256 0.402731 0.126472
-4.13255 0.412647 0.125984
-4.15145 0.422245 0.125529
-4.16925 0.431866 0.12498
-4.18595 0.441233 0.124624
-4.20152 0.451002 0.124213
-4.21597 0.460633 0.123681
-4.22928 0.469949 0.123038
-4.24145 0.478923 0.1224
-4.25246 0.487789 0.121885
-4.26231 0.496892 0.121535
-4.27099 0.506334 0.121504
-4.2785 0.516492 0.121612
-4.28482 0.526928 0.121739
-4.28996 0.537388 0.121913
-4.2939 0.547988 0.121746
-4.29663 0.557884 0.121295
-4.29817 0.567104 0.120648
-4.29849 0.575737 0.119818
-4.29759 0.583723 0.119122
-4.29548 0.591795 0.118685
-4.29214 0.60047 0.118221
-4.28757 0.609069 0.11765
-4.28178 0.617331 0.117273
-4.27475 0.625966 0.116795
-4.26649 0.634297 0.116338
-4.25699 0.642546 0.115801
-4.24625 0.650496 0.115314
-4.23428 0.658415 0.114573
-4.22107 0.665536 0.113793
-4.20661 0.672165 0.112931
-4.19092 0.678193 0.112041
-4.17399 0.683688 0.111213
-4.15582 0.688914 0.110304
-4.13641 0.693457 0.109354
-4.11577 0.697108 0.108446
-4.0939 0.699897 0.107734
-4.0708 0.702309 0.106995
-4.04647 0.703873 0.106486
-4.02091 0.705052 0.105998
-3.99414 0.705518 0.105766
-3.96615 0.705673 0.10567
-3.93694 0.705687 0.105659
-3.90653 0.705686 0.10566
-3.87491 0.705687 0.105659
-3.8421 0.705687 0.105658
-3.8081 0.705687 0.105658
-3.77291 0.705687 0.105657
-3.73654 0.705688 0.105657
-3.699 0.705692 0.105655
-3.66029 0.705701 0.105652
-3.62042 0.70572 0.105647
-3.5794 0.705752 0.105631
-3.53723 0.705754 0.105629
-3.49393 0.705742 0.105646
-3.4495 0.705663 0.10586
-3.40396 0.705563 0.106318
-3.3573 0.705533 0.106729
-3.30954 0.70556 0.107042
-3.26069 0.705611 0.107245
-3.21076 0.705672 0.107381
-3.15975 0.70573 0.107475
-3.10768 0.705786 0.107542
-3.05456 0.705837 0.107588
-3.00039 0.70588 0.107624
-2.9452 0.705933 0.107665
-2.88898 0.705992 0.107715
-2.83175 0.706078 0.10779
-2.77353 0.706192 0.107897
-2.71431 0.706348 0.108019
-2.65413 0.706514 0.108149
-2.59297 0.706725 0.108288
-2.53087 0.706921 0.108412
-2.46783 0.707141 0.108545
-2.40386 0.707389 0.108725
-2.33898 0.707792 0.109047
-2.2732 0.7084 0.109498
-2.20653 0.709097 0.109993
-2.13899 0.709905 0.110515
-2.0706 0.710765 0.111034
-2.00136 0.711809 0.111701
-1.9313 0.713241 0.112582
-1.86042 0.71497 0.113548
-1.78875 0.716834 0.11454
-1.7163 0.718897 0.115499
-1.6431 0.721149 0.116605
-1.56915 0.724016 0.118043
-1.49449 0.727543 0.119689
-1.41912 0.731363 0.121371
-1.34308 0.735439 0.123129
-1.26637 0.740121 0.125152
-1.18904 0.745456 0.127562
-1.11109 0.751785 0.13043
-1.03256 0.759076 0.133353
-0.953467 0.766549 0.135967
-0.873846 0.773948 0.138392
-0.793722 0.781549 0.140898
-0.713126 0.789749 0.143557
-0.632086 0.798419 0.146407
-0.550637 0.807752 0.149499
-0.468809 0.817662 0.152947
-0.386638 0.828482 0.15665
-0.304157 0.83962 0.160687
-0.221402 0.85199 0.164764
-0.13841 0.864164 0.168511
-0.0552179 0.876677 0.172087
0.0281375 0.889267 0.175482
0.111618 0.901843 0.17909
0.195186 0.915023 0.182487
0.278802 0.928227 0.185518
0.362428 0.941145 0.188372
0.446026 0.954304 0.190669
0.529558 0.966769 0.192596
0.612987 0.979022 0.194383
0.696274 0.991138 0.195784
0.779384 1.0027 0.197366
0.86228 1.01456 0.199415
0.944928 1.02711 0.201794
1.02729 1.04008 0.204292
1.10934 1.0533 0.206622
1.19104 1.06649 0.208548
1.27237 1.07934 0.209823
1.35328 1.09138 0.210753
1.43375 1.10315 0.21148
1.51376 1.1144 0.212263
1.59327 1.1259 0.213116
1.67226 1.13749 0.21392
1.75071 1.14903 0.215051
1.82859 1.16107 0.215799
1.90588 1.17253 0.216419
1.98255 1.18386 0.216732
2.05859 1.19463 0.217033
2.13398 1.20538 0.2174
2.20869 1.21625 0.217569
2.28271 1.22672 0.217597
2.35602 1.23688 0.21755
2.4286 1.24683 0.217266
2.50043 1.25623 0.216849
2.5715 1.26497 0.216203
2.64179 1.27304 0.215514
2.71129 1.28067 0.214713
2.77998 1.28765 0.213883
2.84785 1.29411 0.21309
2.91488 1.3002 0.212317
2.98105 1.30588 0.211544
3.04636 1.31108 0.211299
3.11079 1.31765 0.211603
3.17432 1.32582 0.212689
3.23695 1.33563 0.214675
3.29866 1.34681 0.217276
3.35944 1.35923 0.219639
3.41927 1.37132 0.221298
3.47815 1.38265 0.222365
3.53605 1.39332 0.222998
3.59298 1.40326 0.223277
3.64891 1.41261 0.223415
3.70384 1.42165 0.22346
3.75775 1.43044 0.223411
3.81063 1.43881 0.223177
3.86248 1.44663 0.222962
3.91328 1.45441 0.222686
3.96302 1.46186 0.222924
4.01169 1.47046 0.223905
4.05928 1.48062 0.225655
4.10578 1.49211 0.227655
4.15118 1.50408 0.229342
4.19548 1.51575 0.230381
4.23865 1.52657 0.230993
4.2807 1.53679 0.231165
4.32162 1.54626 0.231046
4.36139 1.55506 0.230668
4.40002 1.56311 0.230125
4.43748 1.5705 0.229407
4.47378 1.57711 0.229175
4.50891 1.58478 0.229278
4.54286 1.5933 0.229965
4.57562 1.60318 0.23117
4.60719 1.614 0.232678
4.63756 1.62527 0.234468
4.66674 1.63734 0.235735
4.6947 1.64866 0.236352
4.72145 1.65912 0.236328
4.74699 1.66839 0.235639
4.77131 1.67608 0.234725
4.7944 1.68266 0.234126
4.81627 1.68967 0.23391
4.83691 1.69775 0.234032
4.85631 1.70672 0.234344
4.87449 1.71609 0.234851
4.89143 1.72585 0.235773
4.90713 1.73654 0.236855
4.92159 1.74758 0.237433
4.93482 1.75781 0.237304
4.94681 1.76676 0.236885
4.95756 1.7749 0.236011
4.96708 1.78171 0.235342
4.97536 1.78856 0.235002
4.98241 1.79627 0.23483
4.98823 1.80447 0.234873
4.99281 1.81321 0.234932
4.99617 1.82199 0.235103
4.99831 1.83105 0.235259
4.99923 1.84009 0.235463
4.99893 1.84928 0.235619
4.99742 1.85841 0.23579
4.99471 1.86762 0.236012
4.99079 1.87701 0.236189
4.98568 1.88634 0.236317
4.97938 1.89562 0.236298
4.97189 1.90459 0.236077
4.96323 1.91311 0.235765
4.95339 1.92137 0.235539
4.94239 1.92979 0.235084
4.93024 1.93759 0.234537
4.91694 1.94497 0.23381
4.90251 1.95164 0.233032
4.88694 1.95778 0.232174
4.87025 1.96326 0.23127
4.85245 1.96802 0.230297
4.83355 1.97184 0.229464
4.81356 1.97513 0.228579
4.79249 1.9774 0.227887
4.77034 1.979 0.227308
4.74714 1.97991 0.226931
4.7229 1.98035 0.22671
4.69761 1.98048 0.226635
4.67131 1.98049 0.226623
4.64399 1.98049 0.226631
4.61567 1.98049 0.226628
4.58637 1.98046 0.226646
4.5561 1.98035 0.22676
4.52487 1.98022 0.226928
4.49269 1.98008 0.22715
4.45958 1.98001 0.227259
4.42555 1.97999 0.22729
4.39062 1.97998 0.227307
4.35481 1.97998 0.227316
4.31812 1.97998 0.227343
4.28057 1.98 0.227412
4.24218 1.98007 0.227568
4.20296 1.98032 0.227862
4.16294 1.98056 0.228065
4.12211 1.98089 0.22829
4.08051 1.98134 0.228532
4.03815 1.9819 0.228792
3.99504 1.98267 0.229092
3.95119 1.98358 0.229362
3.90664 1.98451 0.229606
3.86139 1.98558 0.229838
3.81546 1.98676 0.230062
3.76887 1.98806 0.230311
3.72164 1.98964 0.230628
3.67378 1.99161 0.231098
3.62531 1.99431 0.231827
3.57625 1.99794 0.232868
3.52662 2.00258 0.234348
3.47644 2.00863 0.236356
3.42571 2.016 0.238826
3.37448 2.02468 0.24148
3.32274 2.03389 0.244269
3.27052 2.0442 0.24712
3.21784 2.0549 0.250068
3.16472 2.06638 0.253153
3.11118 2.07897 0.255206
3.05723 2.08996 0.256358
3.0029 2.10024 0.256796
2.94821 2.10942 0.256628
2.89317 2.1174 0.2562
2.83781 2.12455 0.256245
2.78215 2.13292 0.256943
2.7262 2.14293 0.258275
2.66999 2.15405 0.26022
2.61354 2.16613 0.262738
2.55687 2.17921 0.265362
2.5 2.19262 0.26739
2.44296 2.20559 0.268397
2.38575 2.21726 0.268821
2.32842 2.22821 0.268708
2.27097 2.23825 0.268277
2.21344 2.24751 0.267791
2.15583 2.25658 0.267141
2.09819 2.26519 0.267106
2.04052 2.27509 0.267751
1.98286 2.28635 0.268964
1.92522 2.29838 0.270798
1.86763 2.31164 0.272206
1.81011 2.32423 0.27307
1.75269 2.33624 0.273308
1.69539 2.3474 0.273072
1.63823 2.35755 0.273149
1.58124 2.3684 0.273036
1.52444 2.37892 0.272682
1.46786 2.38893 0.272078
1.41152 2.3984 0.271192
1.35545 2.40703 0.270253
1.29966 2.41538 0.269796
1.24418 2.42479 0.269576
1.18904 2.43481 0.269651
1.13426 2.44549 0.269771
1.07986 2.45629 0.269733
1.02587 2.46685 0.269291
0.972303 2.47656 0.26819
0.919188 2.48466 0.266599
0.866547 2.49092 0.26509
0.814401 2.4961 0.263817
0.762771 2.50109 0.262542
0.711679 2.50567 0.261302
0.661146 2.50973 0.260132
0.611191 2.51325 0.259024
0.561834 2.51604 0.258129
0.513096 2.51853 0.257313
0.464994 2.52071 0.256634
0.417547 2.52286 0.255948
0.370772 2.52468 0.255388
0.324688 2.52641 0.254835
0.27931 2.52785 0.254437
0.234656 2.52961 0.254049
0.19074 2.53189 0.253696
0.147578 2.53493 0.253275
0.105183 2.53809 0.252732
0.0635716 2.54076 0.252227
0.0227554 2.54312 0.251675
-0.0172524 2.54485 0.251167
-0.0564394 2.54592 0.25088
-0.0947939 2.54713 0.250605
-0.132305 2.5486 0.250295
-0.168961 2.55011 0.249971
-0.204753 2.55153 0.249663
-0.23967 2.55288 0.249366
-0.273704 2.55413 0.249094
-0.306847 2.55539 0.248839
-0.339089 2.55673 0.248542
-0.370424 2.55785 0.248272
-0.400844 2.5588 0.247995
-0.430343 2.55942 0.247813
-0.458914 2.55998 0.247637
-0.486553 2.56043 0.247473
-0.513253 2.56067 0.247372
-0.53901 2.56081 0.247306
-0.56382 2.56087 0.24728
-0.587678 2.56091 0.247258
-0.610582 2.56094 0.247245
-0.632528 2.56094 0.247241
-0.653515 2.56094 0.247246
-0.673538 2.56093 0.247249
-0.692598 2.56094 0.247248
-0.710692 2.56093 0.247253
-0.727821 2.56089 0.24728
-0.743982 2.56083 0.247359
-0.759176 2.56071 0.247555
-0.773404 2.56057 0.247881
-0.786665 2.56041 0.248464
-0.798962 2.56032 0.249219
-0.810295 2.56031 0.249919
-0.820667 2.56034 0.250159
-0.830079 2.56036 0.25021
-0.838534 2.56036 0.250214
-0.846036 2.56036 0.250215
-0.852586 2.56036 0.250221
-0.85819 2.56038 0.250266
-0.862852 2.56045 0.250476
-0.866574 2.56066 0.250983
-0.869363 2.56121 0.252061
-0.871224 2.56217 0.252967
-0.872162 2.56261 0.253257
-0.872183 2.56294 0.253375
-0.871293 2.56311 0.253409
-0.869499 2.5632 0.253403
-0.866807 2.56322 0.253397
-0.863226 2.56322 0.253397
-0.858763 2.56325 0.253408
-0.853425 2.56333 0.253486
-0.847221 2.5636 0.253756
-0.84016 2.56412 0.254277
-0.832251 2.56499 0.255044
-0.823503 2.56611 0.255721
-0.813926 2.56694 0.256068
-0.80353 2.56752 0.256194
-0.792325 2.56781 0.256186
-0.780323 2.56791 0.256169
-0.767534 2.56793 0.256161
-0.75397 2.56794 0.256161
-0.739642 2.56798 0.256176
-0.724563 2.56812 0.256276
-0.708745 2.56847 0.256574
-0.6922 2.56917 0.257193
-0.674943 2.57033 0.258009
-0.656985 2.57155 0.258612
-0.638342 2.57249 0.258936
-0.619026 2.57317 0.259026
-0.599054 2.57349 0.259024
-0.578438 2.57363 0.25901
-0.557194 2.5737 0.258993
-0.535337 2.57372 0.258991
-0.512884 2.57376 0.259004
-0.489849 2.57396 0.259122
-0.46625 2.5744 0.259481
-0.442102 2.5754 0.260371
-0.417422 2.57713 0.261841
-0.392228 2.57964 0.263391
-0.366536 2.58176 0.264396
-0.340365 2.58357 0.26498
-0.313732 2.58486 0.265143
-0.286655 2.58551 0.265172
-0.259154 2.58593 0.265175
-0.231245 2.58623 0.265148
-0.202948 2.58638 0.265172
-0.174283 2.58679 0.265364
-0.145269 2.58791 0.266031
-0.115924 2.58978 0.267368
-0.0862694 2.59306 0.269548
-0.0563243 2.5972 0.271694
-0.0261089 2.6011 0.27305
0.00435655 2.60407 0.273864
0.0350517 2.60663 0.274189
0.065956 2.60822 0.274293
0.0970488 2.60939 0.274335
0.128309 2.61033 0.274322
0.159717 2.61098 0.274262
0.19125 2.61135 0.274224
0.222889 2.61164 0.274261
0.254611 2.61236 0.274525
0.286395 2.61401 0.27537
0.318222 2.61689 0.276997
0.350068 2.62102 0.279204
0.381914 2.6261 0.281352
0.413738 2.63093 0.282946
0.445518 2.6353 0.283907
0.477234 2.63871 0.284325
0.508865 2.64117 0.284511
0.540389 2.64315 0.284503
0.571786 2.64446 0.28447
0.603034 2.64551 0.284436
0.634114 2.6464 0.284523
0.665004 2.6478 0.284924
0.695684 2.65049 0.285963
0.726133 2.65447 0.287828
0.756332 2.66017 0.290578
0.78626 2.66746 0.293319
0.815898 2.6743 0.295392
0.845225 2.68088 0.29665
0.874223 2.68613 0.297286
0.902871 2.69051 0.297459
0.931152 2.69374 0.297519
0.959045 2.69654 0.297362
0.986532 2.69844 0.297204
1.0136 2.69993 0.297015
1.04022 2.70098 0.297042
1.06638 2.70289 0.297414
1.09206 2.7063 0.298487
1.11725 2.71142 0.300532
1.14192 2.7184 0.303283
1.16607 2.72648 0.305899
1.18967 2.73437 0.307705
1.21271 2.74123 0.308476
1.23517 2.74637 0.30873
1.25703 2.75052 0.308616
1.27829 2.75352 0.308545
1.29892 2.75635 0.3084
1.31891 2.75866 0.308301
1.33824 2.76083 0.308571
1.35691 2.76461 0.309522
1.37489 2.77024 0.31144
1.39218 2.77786 0.314041
1.40876 2.78649 0.3166
1.42461 2.79529 0.318408
1.43973 2.80301 0.319102
1.4541 2.80885 0.31936
1.46771 2.81388 0.319265
1.48055 2.81772 0.319087
1.49261 2.82096 0.318857
1.50387 2.8236 0.318633
1.51432 2.8259 0.318716
1.52396 2.8294 0.319304
1.53277 2.83475 0.320579
1.54074 2.84167 0.322046
1.54787 2.8488 0.323022
1.55414 2.85499 0.323193
1.55955 2.85943 0.323092
1.56409 2.86298 0.322719
1.56775 2.86525 0.322298
1.57051 2.86656 0.321988
1.57239 2.86736 0.321867
1.57335 2.86852 0.321856
1.57341 2.8706 0.322018
1.57255 2.87349 0.322388
1.57077 2.87703 0.323013
1.56806 2.88135 0.324021
1.56442 2.88681 0.324747
1.55983 2.89117 0.324856
1.55431 2.89417 0.324562
1.54783 2.89581 0.324243
1.54041 2.89665 0.324079
1.53202 2.89736 0.324001
1.52268 2.89837 0.323932
1.51238 2.89949 0.323919
1.50112 2.90088 0.323974
1.48888 2.90253 0.324213
1.47569 2.90495 0.324533
1.46152 2.9073 0.324942
1.44638 2.91004 0.32555
1.43027 2.91335 0.326241
1.41319 2.91659 0.327117
1.39515 2.92067 0.327606
1.37613 2.92328 0.327534
1.35615 2.9246 0.3272
1.3352 2.9249 0.327124
1.31328 2.92514 0.327084
1.29041 2.9255 0.327026
1.26657 2.92579 0.326986
1.24178 2.92608 0.326966
1.21604 2.92643 0.326965
1.18935 2.92685 0.326995
1.16172 2.92736 0.327053
1.13316 2.92791 0.327124
1.10366 2.92842 0.327195
1.07324 2.9289 0.327264
1.0419 2.92933 0.327337
1.00965 2.92977 0.327407
0.976499 2.93016 0.327461
0.942453 2.93047 0.327501
0.907522 2.93073 0.32753
0.871716 2.93093 0.327556
0.835045 2.9311 0.327569
0.797518 2.93122 0.327576
0.759149 2.93129 0.327579
0.719947 2.93135 0.327579
0.679926 2.93137 0.327576
0.639099 2.93139 0.327575
0.597478 2.93139 0.327574
0.555079 2.9314 0.327573
0.511915 2.9314 0.327573
0.468002 2.9314 0.327573
0.423356 2.9314 0.327573
0.377993 2.9314 0.327573
0.33193 2.9314 0.327575
0.285183 2.9314 0.327581
0.237772 2.93143 0.327598
0.189715 2.93146 0.327623
0.14103 2.93156 0.327676
0.0917371 2.93176 0.327769
0.0418558 2.93212 0.327943
-0.00859343 2.93283 0.328249
-0.05959 2.93388 0.328675
-0.111113 2.93545 0.329244
-0.16314 2.93765 0.329919
-0.215651 2.94037 0.330817
-0.268623 2.94441 0.331878
-0.322033 2.94884 0.332723
-0.37586 2.95321 0.333331
-0.43008 2.95769 0.333832
-0.484671 2.96239 0.334078
-0.539609 2.96666 0.334232
-0.594871 2.97106 0.334248
-0.650434 2.97522 0.334289
-0.706276 2.9798 0.334264
-0.762371 2.98436 0.334169
-0.818697 2.98889 0.334098
-0.875232 2.9937 0.334043
-0.93195 2.99869 0.333935
-0.98883 3.00378 0.333891
-1.04585 3.00924 0.333785
-1.10298 3.01474 0.333694
-1.16021 3.02047 0.333483
-1.2175 3.02598 0.333292
-1.27484 3.0317 0.333131
-1.33221 3.03772 0.33297
-1.38957 3.04392 0.332865
-1.44692 3.05047 0.332757
-1.50423 3.05719 0.332705
-1.56147 3.06423 0.332707
-1.61862 3.07162 0.332646
-1.67567 3.07899 0.332725
-1.73259 3.08695 0.332581
-1.78937 3.09434 0.332525
-1.84597 3.1022 0.332393
-1.90238 3.11 0.332394
-1.95858 3.11831 0.332468
-2.01454 3.12694 0.332552
-2.07026 3.13574 0.332582
-2.1257 3.14455 0.332677
-2.18085 3.15367 0.332807
-2.23569 3.163 0.332781
-2.2902 3.17208 0.332934
-2.34435 3.1817 0.333088
-2.39814 3.19141 0.333202
-2.45154 3.20115 0.333273
-2.50452 3.21089 0.333271
-2.55708 3.22061 0.332955
-2.60919 3.22971 0.33253
-2.66084 3.23854 0.331853
-2.712 3.24673 0.331277
-2.76266 3.25504 0.330826
-2.81279 3.26372 0.330463
-2.86239 3.27257 0.330206
-2.91143 3.2818 0.329881
-2.95989 3.29091 0.329697
-3.00776 3.30038 0.3295
-3.05501 3.30988 0.329352
-3.10164 3.31946 0.329223
-3.14762 3.32918 0.329051
-3.19293 3.33878 0.328869
-3.23756 3.34842 0.328671
-3.28149 3.35806 0.328399
-3.3247 3.36757 0.328112
-3.36719 3.37704 0.327641
-3.40892 3.38612 0.327404
-3.44988 3.39575 0.327018
-3.49006 3.4051 0.326506
-3.52944 3.41408 0.326015
-3.56801 3.42313 0.325568
-3.60574 3.43226 0.325007
-3.64263 3.44114 0.324402
-3.67866 3.44988 0.323822
-3.71381 3.45866 0.323305
-3.74807 3.46758 0.322766
-3.78142 3.47646 0.322215
-3.81385 3.48527 0.321651
-3.84534 3.49405 0.321017
-3.87588 3.50257 0.320459
-3.90546 3.51124 0.319662
-3.93407 3.5193 0.318967
-3.96168 3.52744 0.318163
-3.98829 3.53527 0.317674
-4.01388 3.54384 0.317511
-4.03845 3.55331 0.317621
-4.06198 3.56343 0.318013
-4.08446 3.57417 0.318455
-4.10587 3.58507 0.318642
-4.12621 3.59549 0.318633
-4.14546 3.60558 0.318262
-4.16362 3.61488 0.317772
-4.18067 3.62383 0.317316
-4.19661 3.63276 0.316575
-4.21142 3.64092 0.315851
-4.2251 3.64885 0.3149
-4.23764 3.656 0.314174
-4.24903 3.66345 0.313763
-4.25925 3.67182 0.313561
-4.26832 3.68077 0.313506
-4.2762 3.69008 0.313556
-4.28291 3.69962 0.313592
-4.28843 3.7091 0.313673
-4.29275 3.71869 0.313802
-4.29588 3.72839 0.313914
-4.2978 3.73807 0.314039
-4.29852 3.74783 0.313925
-4.29801 3.75706 0.313555
-4.29629 3.76562 0.312933
-4.29335 3.77339 0.312419
-4.28918 3.78119 0.311933
-4.28379 3.78896 0.311531
-4.27716 3.79687 0.3111
-4.2693 3.80461 0.31071
-4.2602 3.81236 0.310186
-4.24986 3.81966 0.309775
-4.23829 3.82712 0.309387
-4.22548 3.83456 0.308784
-4.21142 3.84126 0.308242
-4.19613 3.84787 0.307657
-4.1796 3.85418 0.30705
-4.16183 3.86021 0.306516
-4.14283 3.86624 0.305815
-4.12259 3.87152 0.305173
-4.10111 3.87655 0.304513
-4.07841 3.88116 0.303743
-4.05448 3.8849 0.303121
-4.02932 3.88844 0.302458
-4.00294 3.89138 0.301824
-3.97534 3.89368 0.301267
-3.94653 3.89543 0.300765
-3.91651 3.89654 0.300432
-3.88528 3.89738 0.300145
-3.85286 3.89787 0.299954
-3.81924 3.89809 0.299853
-3.78443 3.89813 0.299835
-3.74845 3.89811 0.299844
-3.71128 3.89809 0.29986
-3.67295 3.89809 0.299861
-3.63346 3.89809 0.299862
-3.59281 3.89808 0.299862
-3.55102 3.89808 0.299862
-3.50809 3.89808 0.299862
-3.46402 3.89808 0.299863
-3.41884 3.89809 0.299861
-3.37254 3.89811 0.299852
-3.32514 3.89811 0.299852
-3.27664 3.8981 0.299854
-3.22706 3.89807 0.299915
-3.1764 3.89799 0.300205
-3.12467 3.89794 0.300835
-3.07189 3.89799 0.301418
-3.01807 3.89807 0.301736
-2.9632 3.89818 0.301955
-2.90732 3.89826 0.302068
-2.85042 3.89833 0.302134
-2.79252 3.89839 0.302182
-2.73362 3.89844 0.302223
-2.67375 3.8985 0.302267
-2.61291 3.89857 0.302323
-2.55112 3.89865 0.30237
-2.48838 3.8987 0.302398
-2.42471 3.89875 0.302426
-2.36013 3.89881 0.302474
-2.29464 3.89891 0.30254
-2.22826 3.89901 0.302606
-2.161 3.89912 0.302691
-2.09288 3.89928 0.302801
-2.02392 3.89945 0.302907
-1.95412 3.89963 0.303036
-1.88351 3.89989 0.303205
-1.8121 3.90016 0.303432
-1.7399 3.90068 0.303833
-1.66694 3.9013 0.304324
-1.59324 3.90213 0.304972
-1.5188 3.90338 0.305943
-1.44366 3.90507 0.307118
-1.36784 3.90704 0.308435
-1.29135 3.90953 0.310151
-1.21422 3.91294 0.312357
-1.13647 3.91723 0.315035
-1.05812 3.92258 0.317966
-0.979212 3.92828 0.321172
-0.899762 3.93547 0.324844
-0.819799 3.94326 0.328661
-0.739354 3.9519 0.332887
-0.658457 3.96171 0.337486
-0.577139 3.97233 0.342271
-0.495432 3.98376 0.347104
-0.41337 3.9955 0.351766
-0.330987 4.00784 0.356243
-0.248319 4.02056 0.360115
-0.165402 4.03298 0.363208
-0.0822722 4.0449 0.365514
0.00103279 4.05602 0.367431
0.0844753 4.06704 0.368807
0.168017 4.07715 0.370187
0.25162 4.08758 0.371516
0.335246 4.09786 0.373171
0.418856 4.10879 0.374966
0.502412 4.11998 0.37693
0.585876 4.13157 0.378911
0.669212 4.1433 0.380658
0.752382 4.15475 0.382443
0.83535 4.16642 0.384046
0.918081 4.17798 0.385429
1.00054 4.1893 0.386743
1.08269 4.2007 0.387796
1.16451 4.21175 0.388673
1.24596 4.22245 0.389375
1.327 4.23296 0.390093
1.40762 4.24357 0.390599
1.48778 4.25376 0.391008
1.56746 4.26385 0.391369
1.64662 4.27365 0.39144
1.72524 4.28292 0.39133
1.80331 4.29169 0.391325
1.88079 4.30062 0.391139
1.95767 4.30904 0.390871
2.03392 4.31692 0.39042
2.10952 4.32422 0.389938
2.18445 4.33116 0.389331
2.25869 4.33741 0.388689
2.33223 4.34307 0.388104
2.40505 4.34844 0.387546
2.47713 4.35348 0.387016
2.54845 4.35816 0.386371
2.61899 4.36195 0.3858
2.68875 4.36523 0.385655
2.7577 4.37001 0.385994
2.82584 4.37675 0.387062
2.89314 4.38522 0.388972
2.95959 4.39532 0.391423
3.02518 4.40647 0.393537
3.0899 4.41711 0.395042
3.15373 4.42701 0.396419
3.21665 4.43725 0.397175
3.27866 4.44629 0.397445
3.33974 4.45445 0.397617
3.39988 4.46234 0.397646
3.45907 4.46988 0.397601
3.51729 4.47712 0.397453
3.57454 4.48397 0.397213
3.63079 4.4904 0.39702
3.68605 4.49678 0.397318
3.74029 4.50453 0.398413
3.79351 4.51418 0.400425
3.84569 4.52556 0.402634
3.89684 4.5372 0.404419
3.94692 4.54842 0.405504
3.99594 4.55872 0.405902
4.04388 4.56789 0.40589
4.09074 4.57622 0.405693
4.1365 4.58401 0.405237
4.18115 4.59085 0.404746
4.22469 4.5973 0.404798
4.26711 4.60519 0.405579
4.3084 4.61492 0.406942
4.34854 4.62549 0.40909
4.38754 4.63762 0.411358
4.42539 4.64995 0.413259
4.46207 4.66208 0.414326
4.49758 4.67308 0.414882
4.53191 4.68346 0.414987
4.56506 4.69299 0.414788
4.59702 4.70186 0.414291
4.62778 4.7099 0.413655
4.65735 4.71733 0.412964
4.68571 4.72434 0.412703
4.71285 4.73235 0.412922
4.73879 4.74162 0.413569
4.7635 4.75178 0.414587
4.787 4.76267 0.415779
4.80926 4.77408 0.416395
4.8303 4.7845 0.416498
4.85011 4.79409 0.416136
4.86869 4.80261 0.415278
4.88603 4.80967 0.414262
4.90213 4.81565 0.413546
4.917 4.82191 0.413109
4.93063 4.82907 0.412718
4.94303 4.83643 0.412644
4.95419 4.84468 0.412719
4.96411 4.85334 0.412933
4.97279 4.86234 0.413357
4.98024 4.87189 0.413715
4.98646 4.8813 0.414144
4.99145 4.891 0.414263
4.99521 4.90013 0.413569
4.99775 4.90729 0.41256
4.99906 4.91296 0.411825
4.99916 4.91867 0.411166
4.99805 4.9245 0.410671
4.99573 4.93082 0.410287
4.9922 4.93751 0.409837
4.98748 4.94397 0.409413
4.98157 4.95036 0.408953
4.97447 4.95654 0.408542
4.96619 4.96275 0.408166
4.95674 4.96898 0.407625
4.94612 4.97454 0.407081
4.93434 4.97975 0.40649
4.92142 4.9845 0.405875
4.90735 4.98877 0.405229
4.89215 4.99245 0.40457
4.87583 4.99544 0.403972
4.85839 4.9979 0.403436
4.83985 4.99989 0.402953
4.82022 5.0014 0.402578
4.7995 5.00268 0.402219
4.77771 5.00352 0.401956
4.75485 5.00404 0.401777
4.73095 5.00434 0.401655
4.706 5.00443 0.40162
4.68003 5.00448 0.401592
4.65304 5.00447 0.401603
4.62505 5.00444 0.401622
4.59607 5.00442 0.401635
4.56611 5.00441 0.401642
4.53519 5.00441 0.401645
4.50332 5.00441 0.401647
4.47052 5.0044 0.401648
4.43679 5.0044 0.40165
4.40216 5.0044 0.40165
4.36663 5.0044 0.40165
4.33023 5.0044 0.40165
4.29296 5.0044 0.401651
4.25485 5.0044 0.401651
4.2159 5.0044 0.401657
4.17614 5.00439 0.401705
4.13557 5.00439 0.401782
4.09423 5.0044 0.401841
4.05211 5.00443 0.401893
4.00924 5.00448 0.401955
3.96564 5.00455 0.402022
3.92132 5.00468 0.40212
3.87629 5.00486 0.402224
3.83059 5.00507 0.4023
3.78421 5.00525 0.402338
3.73719 5.00539 0.402356
3.68953 5.00553 0.402365
3.64126 5.00565 0.402382
3.5924 5.00584 0.402433
3.54295 5.00623 0.402565
3.49295 5.00688 0.402781
3.4424 5.00781 0.403017
3.39133 5.00875 0.403191
3.33976 5.00966 0.403382
3.2877 5.0109 0.403599
3.23517 5.01219 0.403765
3.18219 5.01348 0.403894
3.12878 5.0148 0.40397
3.07497 5.01603 0.404021
3.02076 5.01729 0.404083
2.96619 5.01867 0.404147
2.91126 5.02021 0.404216
2.85601 5.02186 0.404322
2.80044 5.02378 0.404356
2.74459 5.02545 0.404439
2.68846 5.02749 0.404476
2.63209 5.02934 0.404477
2.57549 5.03111 0.404397
2.51868 5.03256 0.404294
2.46169 5.03386 0.404213
2.40454 5.03524 0.404128
2.34724 5.03663 0.404023
2.28983 5.03793 0.403916
2.23232 5.03918 0.403889
2.17474 5.04091 0.404012
2.11711 5.0436 0.404241
2.05944 5.04683 0.404442
2.00177 5.05008 0.404631
1.94412 5.05354 0.404757
1.88652 5.05692 0.404848
1.82897 5.0603 0.404829
1.77152 5.06347 0.404833
1.71417 5.06685 0.404842
1.65697 5.07038 0.404756
1.59992 5.07362 0.404623
1.54306 5.07662 0.404568
1.4864 5.08012 0.404426
1.42998 5.08338 0.40431
1.37382 5.08677 0.404185
1.31793 5.0902 0.404016
1.26235 5.09352 0.40383
1.2071 5.09676 0.403606
1.15219 5.09982 0.403515
1.09767 5.10349 0.403587
1.04354 5.10811 0.40392
0.98983 5.11385 0.404104
0.936565 5.11925 0.404098
0.883766 5.12422 0.404168
0.831455 5.12966 0.404144
0.779654 5.13493 0.403973
0.728383 5.1397 0.403663
0.677664 5.14402 0.403361
0.627517 5.14827 0.403001
0.577962 5.15226 0.402771
0.529019 5.15677 0.402779
0.480706 5.16251 0.402885
0.433042 5.16877 0.403154
0.386044 5.17576 0.403437
0.339732 5.18298 0.403528
0.294121 5.18986 0.403485
0.249227 5.19643 0.403322
0.205067 5.20282 0.402966
0.161656 5.20865 0.402481
0.119008 5.21395 0.402
0.0771382 5.21907 0.401427
0.0360595 5.22366 0.401012
-0.00421501 5.22868 0.400731
-0.0436726 5.23439 0.400466
-0.0823015 5.24036 0.400438
-0.12009 5.24734 0.400463
-0.157028 5.25459 0.400492
-0.193105 5.26203 0.400579
-0.22831 5.26982 0.40025
-0.262635 5.27653 0.399729
-0.296071 5.28249 0.399074
-0.328609 5.28774 0.39834
-0.360243 5.29231 0.39767
-0.390964 5.29663 0.396989
-0.420766 5.30067 0.396458
-0.449642 5.30516 0.396009
-0.477587 5.31013 0.395507
-0.504596 5.31511 0.395143
-0.530663 5.32065 0.394802
-0.555784 5.32643 0.394463
-0.579955 5.33229 0.394067
-0.603172 5.33801 0.393812
-0.625433 5.34425 0.393502
-0.646735 5.35041 0.393115
-0.667074 5.35633 0.392805
-0.686451 5.36249 0.392328
-0.704862 5.36812 0.391835
-0.722307 5.37354 0.391395
-0.738786 5.37907 0.390891
-0.754297 5.38434 0.390334
-0.768842 5.3893 0.389818
-0.78242 5.39417 0.389238
-0.795033 5.3987 0.388761
-0.806683 5.40341 0.388273
-0.81737 5.40802 0.387565
-0.827096 5.41159 0.386952
-0.835865 5.41472 0.386438
-0.843679 5.41783 0.38587
-0.850542 5.4205 0.385554
-0.856456 5.42408 0.385242
-0.861426 5.42807 0.385036
-0.865456 5.43265 0.38488
-0.868551 5.43755 0.384528
-0.870716 5.44175 0.38412
-0.871956 5.44545 0.383663
-0.872277 5.44862 0.383045
-0.871685 5.4506 0.382543
-0.870187 5.45179 0.382259
-0.867789 5.453 0.382006
-0.864499 5.45439 0.381755
-0.860324 5.45595 0.381495
-0.855272 5.45753 0.38121
-0.849351 5.45886 0.380955
-0.842571 5.46001 0.380764
-0.834939 5.4613 0.380508
-0.826465 5.46224 0.380323
-0.817159 5.46313 0.380128
-0.807031 5.46381 0.379963
-0.79609 5.4643 0.379826
-0.784349 5.46461 0.379734
-0.771816 5.46484 0.379662
-0.758505 5.46498 0.379606
-0.744427 5.46501 0.379596
-0.729593 5.46503 0.379585
-0.714016 5.46501 0.379598
-0.697708 5.46499 0.379612
-0.680683 5.46497 0.379624
-0.662954 5.46496 0.37963
-0.644534 5.46496 0.379629
-0.625437 5.46496 0.379632
-0.605679 5.46493 0.379654
-0.585272 5.46489 0.379718
-0.564233 5.46481 0.379913
-0.542575 5.46471 0.380329
-0.520316 5.46468 0.381063
-0.49747 5.46481 0.382178
-0.474054 5.46509 0.383168
-0.450085 5.46554 0.384051
-0.425578 5.46592 0.384488
-0.40055 5.46615 0.384629
-0.37502 5.46624 0.384654
-0.349004 5.46627 0.384658
-0.322521 5.46629 0.384664
-0.295588 5.46632 0.38469
-0.268223 5.46644 0.384836
-0.240446 5.46681 0.385262
-0.212275 5.46748 0.386059
-0.183728 5.46888 0.387425
-0.154826 5.47055 0.388607
-0.125588 5.47199 0.389268
-0.0960327 5.47295 0.389584
-0.0661806 5.47365 0.389697
-0.0360517 5.47402 0.389716
-0.00566602 5.47422 0.389723
0.024956 5.47438 0.389767
0.0557939 5.47477 0.389967
0.0868272 5.47568 0.390533
0.118035 5.47726 0.391681
0.149397 5.48005 0.393583
0.180891 5.48375 0.395399
0.212497 5.48686 0.396461
0.244194 5.48928 0.397068
0.275961 5.49126 0.397347
0.307776 5.49258 0.397375
0.339618 5.4933 0.397377
0.371466 5.49388 0.39736
0.4033 5.4943 0.397413
0.435096 5.4951 0.397672
0.466836 5.49682 0.398438
0.498497 5.4997 0.399985
0.530058 5.50417 0.402231
0.561499 5.50941 0.404422
0.592799 5.51466 0.405633
0.623936 5.51813 0.406193
0.654891 5.521 0.406339
0.685642 5.52281 0.406329
0.716169 5.5241 0.406234
0.746452 5.52489 0.406147
0.776471 5.52543 0.406193
0.806207 5.52676 0.406628
0.835638 5.53001 0.408177
0.864746 5.53539 0.411298
0.893511 5.54341 0.415822
0.921914 5.55317 0.420393
0.949936 5.56271 0.424764
0.977559 5.57357 0.428884
1.00476 5.58425 0.432217
1.03153 5.59457 0.434823
1.05785 5.60434 0.436977
1.08369 5.61389 0.439043
1.10904 5.62373 0.441087
1.13389 5.63368 0.443358
1.15821 5.64443 0.445661
1.18199 5.65525 0.447924
1.20521 5.66639 0.449896
1.22786 5.67717 0.451728
1.24992 5.68814 0.453105
1.27138 5.69831 0.454439
1.29222 5.70876 0.455745
1.31242 5.71921 0.45695
1.33197 5.72954 0.458263
1.35086 5.74025 0.459554
1.36907 5.7509 0.460992
1.38659 5.76198 0.462483
1.4034 5.77315 0.464096
1.41949 5.78467 0.465747
1.43485 5.79633 0.467296
1.44947 5.80795 0.468569
1.46333 5.81924 0.469623
1.47643 5.83025 0.470689
1.48874 5.84139 0.471835
1.50026 5.85273 0.472891
1.51098 5.86394 0.473895
1.52089 5.87516 0.474758
1.52997 5.88618 0.475571
1.53822 5.89719 0.476278
1.54563 5.90805 0.47694
1.55218 5.9189 0.477335
1.55788 5.92921 0.477833
1.5627 5.93979 0.478277
1.56664 5.95025 0.478583
1.5697 5.96046 0.478594
1.57187 5.97003 0.478538
1.57314 5.97941 0.478416
1.57349 5.98858 0.478259
1.57293 5.99759 0.478007
1.57146 6.00628 0.477667
1.56905 6.01463 0.477242
1.56571 6.02262 0.47671
1.56144 6.03012 0.476163
1.55622 6.0373 0.475464
1.55006 6.04374 0.474738
1.54295 6.04958 0.473871
1.53488 6.05442 0.473154
1.52585 6.05894 0.47234
1.51587 6.06251 0.471644
1.50492 6.06548 0.471046
1.493 6.068 0.470482
1.48012 6.06992 0.470007
1.46627 6.07125 0.469794
1.45145 6.07336 0.469646
1.43566 6.07643 0.469633
1.41891 6.08031 0.469731
1.40118 6.08456 0.469875
1.38248 6.08888 0.469714
1.36281 6.09195 0.469316
1.34218 6.09369 0.468856
1.32058 6.09421 0.468626
1.29802 6.09417 0.468647
1.2745 6.09411 0.468677
1.25002 6.09408 0.468696
1.22459 6.09405 0.468712
1.19821 6.09403 0.468725
1.17089 6.09402 0.468732
1.14263 6.09402 0.468734
1.11344 6.09402 0.468734
1.08332 6.09402 0.468735
1.05228 6.094 0.468766
1.02033 6.09397 0.468831
0.987475 6.09395 0.468982
0.953722 6.09398 0.469256
0.91908 6.09413 0.469714
0.883561 6.09452 0.47046
0.847172 6.09542 0.471733
0.809925 6.09707 0.473496
0.771831 6.09956 0.475406
0.732901 6.10236 0.477009
0.693147 6.10544 0.478255
0.652583 6.10843 0.479213
0.611221 6.11166 0.479995
0.569076 6.11502 0.48068
0.526161 6.1187 0.481351
0.482493 6.12294 0.482067
0.438085 6.12777 0.482691
0.392956 6.13267 0.483414
0.34712 6.13858 0.484074
0.300596 6.14449 0.484836
0.253401 6.15135 0.485369
0.205554 6.15783 0.485599
0.157073 6.1638 0.485703
0.107977 6.1698 0.485648
0.0582864 6.1754 0.485501
0.00802126 6.18089 0.485118
-0.042798 6.18559 0.485053
-0.0941505 6.19147 0.485045
-0.146015 6.19774 0.48519
-0.198369 6.20461 0.485674
-0.251192 6.21284 0.486095
-0.304461 6.22096 0.486397
-0.358154 6.22904 0.486461
-0.412247 6.23669 0.486388
-0.466719 6.24399 0.48611
-0.521546 6.25087 0.485882
-0.576704 6.25792 0.485392
-0.632171 6.26419 0.484839
-0.687924 6.27007 0.484342
-0.743938 6.27602 0.483972
-0.800192 6.28244 0.48384
-0.85666 6.28978 0.483904
-0.913321 6.29786 0.484114
-0.97015 6.3065 0.484357
-1.02713 6.31529 0.484345
-1.08422 6.32363 0.484116
-1.14142 6.33146 0.483722
-1.19869 6.33879 0.48308
-1.25602 6.34531 0.482461
-1.31338 6.35156 0.481937
-1.37075 6.35808 0.481489
-1.42811 6.36491 0.48119
-1.48543 6.37225 0.480951
-1.54269 6.37994 0.480756
-1.59988 6.38785 0.480608
-1.65697 6.39599 0.480452
-1.71393 6.40422 0.480343
-1.77075 6.41269 0.480252
-1.82741 6.42132 0.480288
-1.88389 6.43036 0.480224
-1.94016 6.43933 0.479801
-1.99621 6.44749 0.479189
-2.05201 6.45504 0.47838
-2.10754 6.46188 0.477686
-2.16279 6.46878 0.476935
-2.21773 6.47547 0.476331
-2.27235 6.48251 0.475784
-2.32662 6.48979 0.475335
-2.38053 6.49743 0.474904
-2.43406 6.50511 0.474462
-2.48718 6.5128 0.473983
-2.53988 6.52037 0.473572
-2.59214 6.52809 0.473085
-2.64394 6.53561 0.472819
-2.69527 6.54375 0.472458
-2.74609 6.55167 0.47203
-2.7964 6.55937 0.471642
-2.84618 6.56716 0.471302
-2.8954 6.57512 0.471003
-2.94405 6.5831 0.470649
-2.99212 6.59101 0.470293
-3.03958 6.59889 0.469957
-3.08641 6.60683 0.469556
-3.1326 6.6146 0.469204
-3.17813 6.62248 0.468835
-3.22299 6.63033 0.468583
-3.26715 6.63852 0.468303
-3.31061 6.64666 0.468032
-3.35333 6.65484 0.467738
-3.39531 6.66291 0.467399
-3.43653 6.67089 0.46712
-3.47698 6.679 0.466673
-3.51662 6.68666 0.466274
-3.55546 6.69435 0.465764
-3.59348 6.7017 0.465519
-3.63065 6.70974 0.465598
-3.66696 6.71875 0.466003
-3.7024 6.72863 0.466461
-3.73695 6.73859 0.467378
-3.7706 6.74965 0.468493
-3.80334 6.76115 0.469267
-3.83514 6.77207 0.469877
-3.866 6.78291 0.470009
-3.8959 6.79288 0.469844
-3.92483 6.80223 0.469445
-3.95277 6.81101 0.468969
-3.97971 6.81951 0.468458
-4.00564 6.82785 0.467905
-4.03054 6.83601 0.467286
-4.05441 6.84392 0.466658
-4.07724 6.85171 0.466515
-4.099 6.86082 0.466571
-4.11969 6.87044 0.466774
-4.1393 6.88041 0.4671
-4.15782 6.89071 0.467336
-4.17524 6.90086 0.467133
-4.19154 6.91004 0.46666
-4.20672 6.91846 0.466028
-4.22077 6.9263 0.465396
-4.23368 6.9339 0.464886
-4.24545 6.94171 0.464598
-4.25605 6.9501 0.464301
-4.26549 6.95846 0.464127
-4.27377 6.96708 0.464074
-4.28086 6.97599 0.464033
-4.28676 6.9849 0.463918
-4.29148 6.99357 0.463848
-4.295 7.00232 0.463963
-4.29731 7.01154 0.463883
-4.29842 7.02022 0.463761
-4.29831 7.02875 0.46368
-4.29699 7.03736 0.463552
-4.29444 7.04581 0.463378
-4.29067 7.0541 0.463189
-4.28567 7.06229 0.462899
-4.27944 7.07015 0.462681
-4.27198 7.07812 0.462301
-4.26328 7.08555 0.461873
-4.25335 7.09267 0.46139
-4.24218 7.09945 0.460907
-4.22976 7.10604 0.460462
-4.21611 7.11256 0.459901
-4.20122 7.1185 0.459206
-4.18509 7.12359 0.458602
-4.16772 7.12845 0.45798
-4.14912 7.13289 0.457366
-4.12927 7.13687 0.456704
-4.1082 7.14007 0.456129
-4.08589 7.14278 0.455542
-4.06235 7.14467 0.455064
-4.03759 7.14588 0.45475
-4.0116 7.14684 0.454453
-3.98439 7.14727 0.454303
-3.95597 7.14739 0.454257
-3.92634 7.14735 0.454271
-3.8955 7.14727 0.454314
-3.86346 7.14718 0.454373
-3.83022 7.14712 0.454417
-3.7958 7.14712 0.454424
-3.76019 7.14712 0.454422
-3.7234 7.14711 0.454423
-3.68544 7.14711 0.454423
-3.64632 7.14711 0.454425
-3.60604 7.1471 0.454426
-3.56461 7.1471 0.454427
-3.52204 7.1471 0.454427
-3.47834 7.14711 0.454421
-3.43351 7.14711 0.454423
-3.38757 7.14711 0.454424
-3.34052 7.14707 0.45449
-3.29237 7.14703 0.454565
-3.24313 7.14701 0.454612
-3.19281 7.147 0.454647
-3.14142 7.147 0.454667
-3.08898 7.147 0.454698
-3.03548 7.14701 0.454755
-2.98095 7.14704 0.454844
-2.92538 7.14709 0.454961
-2.8688 7.1472 0.455147
-2.81122 7.14733 0.455304
-2.75264 7.1475 0.455494
-2.69307 7.14776 0.455757
-2.63254 7.14812 0.456094
-2.57104 7.14865 0.45657
-2.5086 7.14939 0.45717
-2.44523 7.15046 0.457944
-2.38093 7.15177 0.458851
-2.31572 7.15357 0.459977
-2.24962 7.15565 0.461402
-2.18264 7.15881 0.463527
-2.11479 7.16327 0.466198
-2.04609 7.1684 0.469043
-1.97655 7.17442 0.471919
-1.90619 7.18062 0.4748
-1.83503 7.18767 0.478021
-1.76308 7.19567 0.481653
-1.69036 7.20488 0.485304
-1.61688 7.21398 0.489054
-1.54267 7.22443 0.492987
-1.46775 7.23524 0.496434
-1.39214 7.24606 0.499276
-1.31585 7.25641 0.501643
-1.23892 7.2665 0.503762
-1.16135 7.27658 0.50566
-1.08319 7.28644 0.507135
-1.00445 7.29569 0.508778
-0.925166 7.30566 0.510718
-0.845358 7.31631 0.512718
-0.765058 7.32715 0.514355
-0.684295 7.33744 0.515703
-0.603101 7.34724 0.517377
-0.521508 7.35816 0.518843
-0.43955 7.36832 0.520557
-0.357259 7.3795 0.521917
-0.274672 7.38959 0.523803
-0.191824 7.40113 0.526004
-0.108751 7.41298 0.528318
-0.0254916 7.42491 0.531042
0.0579177 7.43771 0.533935
0.141438 7.4506 0.536983
0.225032 7.46387 0.540032
0.308661 7.47769 0.542025
0.392287 7.48993 0.54366
0.475871 7.502 0.545462
0.559375 7.51454 0.546786
0.642762 7.52641 0.547714
0.725995 7.53771 0.54871
0.809037 7.54928 0.54964
0.891853 7.56078 0.550413
0.974409 7.57195 0.550913
1.05667 7.5827 0.551215
1.1386 7.59302 0.551776
1.22018 7.60383 0.55264
1.30136 7.61512 0.55379
1.38212 7.62694 0.554875
1.46244 7.63864 0.555837
1.54227 7.6502 0.556708
1.62161 7.66166 0.55733
1.70041 7.67284 0.557418
1.77866 7.68291 0.557336
1.85634 7.69266 0.557262
1.93341 7.70238 0.557192
2.00987 7.71203 0.557152
2.08568 7.72165 0.557083
2.16083 7.73116 0.556925
2.2353 7.74036 0.556822
2.30907 7.7496 0.556682
2.38213 7.75869 0.556248
2.45444 7.76695 0.55578
2.52601 7.77488 0.555231
2.59681 7.78235 0.55466
2.66682 7.78947 0.553865
2.73603 7.79556 0.553145
2.80443 7.80127 0.552339
2.872 7.80602 0.551632
2.93873 7.81043 0.55099
3.0046 7.81459 0.550704
3.0696 7.81998 0.550769
3.13371 7.82691 0.551216
3.19693 7.83472 0.552233
3.25923 7.8442 0.553434
3.32061 7.85388 0.554376
3.38105 7.86318 0.554841
3.44055 7.87157 0.554863
3.49908 7.87874 0.554647
3.55664 7.88524 0.554252
3.61321 7.89091 0.553748
3.66878 7.89573 0.553189
3.72335 7.89978 0.552991
3.7769 7.90488 0.553206
3.82941 7.91171 0.553897
3.88089 7.91983 0.555105
3.93131 7.92912 0.556751
3.98067 7.93929 0.55874
4.02895 7.95021 0.560559
4.07615 7.96111 0.561982
4.12226 7.97158 0.562917
4.16727 7.9814 0.563295
4.21116 7.9902 0.563187
4.25394 7.99787 0.562691
4.29558 8.00425 0.562047
4.33609 8.00968 0.561855
4.37545 8.01633 0.562095
4.41366 8.02441 0.562737
4.45071 8.03345 0.563765
4.48659 8.04333 0.565133
4.52129 8.05392 0.566732
4.55481 8.06511 0.568178
4.58715 8.07616 0.569271
4.61829 8.08679 0.569801
4.64823 8.09655 0.569653
4.67697 8.1049 0.56937
4.7045 8.11279 0.568622
4.73082 8.11921 0.567867
4.75592 8.12494 0.567432
4.77979 8.13133 0.567232
4.80244 8.1386 0.567304
4.82387 8.14672 0.567599
4.84406 8.15542 0.568232
4.86303 8.16497 0.569028
4.88075 8.1749 0.56972
4.89725 8.18474 0.570079
4.9125 8.19403 0.570146
4.92652 8.20273 0.57016
4.9393 8.21133 0.57001
4.95084 8.21947 0.569372
4.96115 8.22622 0.568959
4.97022 8.23322 0.568709
4.97805 8.24068 0.568662
4.98466 8.24875 0.568649
4.99003 8.25691 0.56882
4.99417 8.26558 0.569042
4.99709 8.2744 0.56928
4.99879 8.2833 0.569503
4.99926 8.29224 0.56971
4.99853 8.30122 0.56981
4.99658 8.31002 0.569418
4.99343 8.3176 0.568698
4.98908 8.32398 0.568088
4.98353 8.3302 0.56752
4.9768 8.33635 0.567028
4.96888 8.34262 0.566444

