-2.08816 5.21675e -05 6.01999e -6
-2.14352 0.0134222 0.00109708
-2.19857 0.0267468 0.00215541
-2.2533 0.0400755 0.00289648
-2.3077 0.0529706 0.00294253
-2.36174 0.0646476 0.00251537
-2.4154 0.0753583 0.00176386
-2.46867 0.0852576 0.000848143
-2.52152 0.0946165 -0.000163056
-2.57394 0.103602 -0.00124667
-2.6259 0.112287 -0.00240099
-2.67739 0.120718 -0.0035131
-2.7284 0.129126 -0.00462381
-2.77889 0.13755 -0.00586758
-2.82885 0.145618 -0.00713206
-2.87827 0.153484 -0.00829819
-2.92713 0.16156 -0.00956783
-2.9754 0.169431 -0.0108357
-3.02307 0.177222 -0.0121427
-3.07013 0.184877 -0.0134267
-3.11655 0.192545 -0.0147249
-3.16231 0.200197 -0.0159927
-3.20741 0.207936 -0.0172745
-3.25181 0.215699 -0.018421
-3.29552 0.22386 -0.0196947
-3.3385 0.231838 -0.0209244
-3.38074 0.239871 -0.0221469
-3.42222 0.247969 -0.0231812
-3.46294 0.256622 -0.0240779
-3.50286 0.265797 -0.0251033
-3.54198 0.274793 -0.0261053
-3.58028 0.283803 -0.027133
-3.61775 0.292725 -0.0281678
-3.65436 0.301625 -0.0292682
-3.69011 0.310363 -0.0303171
-3.72497 0.319191 -0.0311378
-3.75894 0.328608 -0.032124
-3.79199 0.337761 -0.0331073
-3.82412 0.346855 -0.0341499
-3.85531 0.355805 -0.0351425
-3.88554 0.364837 -0.0361276
-3.91481 0.373915 -0.0370354
-3.94309 0.383192 -0.0379335
-3.97039 0.392531 -0.0388606
-3.99667 0.401817 -0.0397916
-4.02193 0.41109 -0.0407156
-4.04617 0.420363 -0.0416083
-4.06936 0.429719 -0.0424924
-4.09149 0.439108 -0.0434292
-4.11256 0.448382 -0.0444237
-4.13255 0.457505 -0.0452226
-4.15145 0.46705 -0.0458152
-4.16925 0.477117 -0.0463813
-4.18595 0.487307 -0.0471143
-4.20152 0.497162 -0.0480049
-4.21597 0.506626 -0.0490636
-4.22928 0.515627 -0.0501781
-4.24145 0.524383 -0.0513377
-4.25246 0.532945 -0.0525674
-4.26231 0.541267 -0.0538537
-4.27099 0.549336 -0.0553232
-4.2785 0.556806 -0.056844
-4.28482 0.563793 -0.0584892
-4.28996 0.570111 -0.0601526
-4.2939 0.575875 -0.0617884
-4.29663 0.58127 -0.0633358
-4.29817 0.586641 -0.0648176
-4.29849 0.592231 -0.0663317
-4.29759 0.597898 -0.0678625
-4.29548 0.603531 -0.069462
-4.29214 0.608865 -0.0710254
-4.28757 0.613998 -0.0725976
-4.28178 0.618877 -0.0740692
-4.27475 0.623819 -0.0755718
-4.26649 0.628676 -0.0770095
-4.25699 0.6337 -0.078295
-4.24625 0.639465 -0.0796593
-4.23428 0.645536 -0.0809908
-4.22107 0.651853 -0.0823933
-4.20661 0.658003 -0.0837786
-4.19092 0.664018 -0.0850583
-4.17399 0.670176 -0.0863955
-4.15582 0.676094 -0.0877463
-4.13641 0.681613 -0.0891387
-4.11577 0.686471 -0.090467
-4.0939 0.690746 -0.0916931
-4.0708 0.694562 -0.0928681
-4.04647 0.697776 -0.0939007
-4.02091 0.700534 -0.0948473
-3.99414 0.70269 -0.0956868
-3.96615 0.704044 -0.0962615
-3.93694 0.704912 -0.0966806
-3.90653 0.705295 -0.0968845
-3.87491 0.70546 -0.0969811
-3.8421 0.705515 -0.0970178
-3.8081 0.705515 -0.0970181
-3.77291 0.705512 -0.0970155
-3.73654 0.705512 -0.0970159
-3.699 0.705508 -0.0970179
-3.66029 0.705508 -0.0970184
-3.62042 0.705508 -0.0970181
-3.5794 0.705508 -0.0970183
-3.53723 0.705516 -0.097022
-3.49393 0.705534 -0.0970257
-3.4495 0.705644 -0.0970485
-3.40396 0.705744 -0.0970957
-3.3573 0.705751 -0.0971003
-3.30954 0.70575 -0.0971001
-3.26069 0.705745 -0.0970963
-3.21076 0.705724 -0.0970755
-3.15975 0.705691 -0.0970448
-3.10768 0.705684 -0.097041
-3.05456 0.705684 -0.097041
-3.00039 0.705685 -0.097041
-2.9452 0.705701 -0.0970415
-2.88898 0.705726 -0.0970474
-2.83175 0.705735 -0.0970532
-2.77353 0.705734 -0.0970531
-2.71431 0.705731 -0.0970492
-2.65413 0.705685 -0.0969336
-2.59297 0.705593 -0.0964359
-2.53087 0.705517 -0.095284
-2.46783 0.705618 -0.0942232
-2.40386 0.705855 -0.0933044
-2.33898 0.706117 -0.0927022
-2.2732 0.706367 -0.0923379
-2.20653 0.706543 -0.0921542
-2.13899 0.706679 -0.0920243
-2.0706 0.706834 -0.091879
-2.00136 0.707027 -0.091693
-1.9313 0.70728 -0.0914459
-1.86042 0.707602 -0.0911076
-1.78875 0.708122 -0.0906041
-1.7163 0.708793 -0.0899763
-1.6431 0.709708 -0.0891441
-1.56915 0.710971 -0.0880247
-1.49449 0.7127 -0.0864882
-1.41912 0.715278 -0.0841522
-1.34308 0.719141 -0.0810926
-1.26637 0.723543 -0.0777372
-1.18904 0.729084 -0.0737441
-1.11109 0.735674 -0.0693418
-1.03256 0.743345 -0.0646491
-0.953467 0.751881 -0.0599461
-0.873846 0.760815 -0.0550768
-0.793722 0.771004 -0.0498791
-0.713126 0.781639 -0.0444302
-0.632086 0.794086 -0.039353
-0.550637 0.805815 -0.0351129
-0.468809 0.817468 -0.0312356
-0.386638 0.829413 -0.0278746
-0.304157 0.840856 -0.0248443
-0.221402 0.852525 -0.0224277
-0.13841 0.863337 -0.0204649
-0.0552179 0.87387 -0.018815
0.0281375 0.884033 -0.0172987
0.111618 0.893961 -0.015621
0.195186 0.904424 -0.0138708
0.278802 0.914914 -0.0119701
0.362428 0.92573 -0.00979378
0.446026 0.937095 -0.00728304
0.529558 0.948919 -0.00489391
0.612987 0.960708 -0.00253306
0.696274 0.972761 -0.000401154
0.779384 0.984568 0.00150995
0.86228 0.996217 0.00334868
0.944928 1.00786 0.0048794
1.02729 1.01916 0.00667206
1.10934 1.03118 0.00811022
1.19104 1.04244 0.00956146
1.27237 1.0539 0.0112056
1.35328 1.06578 0.0128042
1.43375 1.07749 0.0145753
1.51376 1.08959 0.0164779
1.59327 1.10189 0.0184376
1.67226 1.11431 0.0204394
1.75071 1.12684 0.0225123
1.82859 1.13957 0.024516
1.90588 1.15223 0.0264846
1.98255 1.16486 0.0285522
2.05859 1.17812 0.0299337
2.13398 1.19019 0.031152
2.20869 1.20231 0.0320666
2.28271 1.21392 0.0330631
2.35602 1.22569 0.0343127
2.4286 1.23788 0.035648
2.50043 1.2501 0.0370555
2.5715 1.26261 0.0382054
2.64179 1.2747 0.0393903
2.71129 1.28683 0.0407353
2.77998 1.29924 0.0421366
2.84785 1.31181 0.0432966
2.91488 1.32396 0.0445667
2.98105 1.33657 0.0453178
3.04636 1.34826 0.045842
3.11079 1.35974 0.0464424
3.17432 1.37134 0.0468721
3.23695 1.38258 0.0474229
3.29866 1.39413 0.0480108
3.35944 1.40572 0.0483609
3.41927 1.41689 0.0486892
3.47815 1.42802 0.0490875
3.53605 1.43931 0.049337
3.59298 1.45032 0.0494556
3.64891 1.46118 0.0495014
3.70384 1.47188 0.0493649
3.75775 1.48223 0.0489978
3.81063 1.49209 0.0485436
3.86248 1.50167 0.0479974
3.91328 1.51104 0.0472214
3.96302 1.51974 0.0462585
4.01169 1.52775 0.0453243
4.05928 1.53551 0.0442506
4.10578 1.54267 0.0432024
4.15118 1.54953 0.0419966
4.19548 1.55549 0.0406883
4.23865 1.56033 0.0396693
4.2807 1.56514 0.0390049
4.32162 1.57116 0.0385064
4.36139 1.57802 0.0381545
4.40002 1.58541 0.0379819
4.43748 1.59321 0.0377883
4.47378 1.60093 0.037642
4.50891 1.60871 0.0375397
4.54286 1.61651 0.0376024
4.57562 1.62471 0.0375596
4.60719 1.63265 0.0375635
4.63756 1.64065 0.0374894
4.66674 1.6484 0.037461
4.6947 1.65621 0.0374154
4.72145 1.66396 0.0372909
4.74699 1.67142 0.0371529
4.77131 1.67878 0.0368498
4.7944 1.68558 0.036577
4.81627 1.69231 0.0362592
4.83691 1.69881 0.035906
4.85631 1.70509 0.0355952
4.87449 1.71137 0.0353424
4.89143 1.71771 0.0349845
4.90713 1.72358 0.0346051
4.92159 1.72917 0.0341977
4.93482 1.73445 0.0337435
4.94681 1.73935 0.0332755
4.95756 1.74393 0.0328798
4.96708 1.74847 0.0324009
4.97536 1.75252 0.0319706
4.98241 1.75638 0.0315396
4.98823 1.75998 0.0311358
4.99281 1.76336 0.0306819
4.99617 1.76625 0.0302446
4.99831 1.76875 0.0298871
4.99923 1.77116 0.0294854
4.99893 1.77311 0.0291407
4.99742 1.77478 0.0287684
4.99471 1.77593 0.0285192
4.99079 1.77697 0.0282513
4.98568 1.77768 0.0280639
4.97938 1.77823 0.0278971
4.97189 1.7786 0.027775
4.96323 1.77881 0.027691
4.95339 1.77891 0.0276434
4.94239 1.77895 0.0276266
4.93024 1.77896 0.02762
4.91694 1.77896 0.0276202
4.90251 1.77896 0.027621
4.88694 1.77896 0.0276211
4.87025 1.77896 0.0276208
4.85245 1.77896 0.0276209
4.83355 1.77896 0.0276208
4.81356 1.77896 0.0276207
4.79249 1.77896 0.0276207
4.77034 1.77896 0.0276207
4.74714 1.77896 0.0276208
4.7229 1.77895 0.0276233
4.69761 1.77895 0.0276312
4.67131 1.77895 0.0276429
4.64399 1.77895 0.0276763
4.61567 1.77897 0.0278292
4.58637 1.77908 0.0281227
4.5561 1.77932 0.0286035
4.52487 1.77988 0.0292969
4.49269 1.78047 0.029864
4.45958 1.78125 0.030426
4.42555 1.78214 0.0309504
4.39062 1.78318 0.0313666
4.35481 1.78412 0.031626
4.31812 1.78503 0.0318911
4.28057 1.78628 0.0322172
4.24218 1.78777 0.0326067
4.20296 1.78969 0.0332559
4.16294 1.79273 0.034108
4.12211 1.79602 0.035149
4.08051 1.8006 0.0363708
4.03815 1.80542 0.0376419
3.99504 1.81101 0.0388438
3.95119 1.8167 0.0400988
3.90664 1.82313 0.0415719
3.86139 1.83049 0.0428016
3.81546 1.83744 0.0440032
3.76887 1.84507 0.0451255
3.72164 1.85281 0.0462314
3.67378 1.86098 0.0471415
3.62531 1.86888 0.0479955
3.57625 1.87715 0.0486818
3.52662 1.88523 0.0492995
3.47644 1.89339 0.0499017
3.42571 1.90175 0.0503222
3.37448 1.90982 0.0506747
3.32274 1.91792 0.0510717
3.27052 1.92625 0.0517484
3.21784 1.93551 0.0523175
3.16472 1.94451 0.0527337
3.11118 1.95335 0.053142
3.05723 1.96239 0.0534894
3.0029 1.97142 0.053635
2.94821 1.98002 0.0538008
2.89317 1.98878 0.0540255
2.83781 1.9978 0.0539904
2.78215 2.00623 0.0541262
2.7262 2.01517 0.0541934
2.66999 2.0241 0.0541205
2.61354 2.03262 0.0540054
2.55687 2.04115 0.0537241
2.5 2.04929 0.053376
2.44296 2.05719 0.0528492
2.38575 2.06455 0.0523019
2.32842 2.07166 0.0517699
2.27097 2.07874 0.0511072
2.21344 2.08534 0.0505271
2.15583 2.09205 0.0497768
2.09819 2.09812 0.0490086
2.04052 2.10375 0.0482134
1.98286 2.109 0.0474266
1.92522 2.11392 0.0465444
1.86763 2.11811 0.0456963
1.81011 2.12176 0.0448857
1.75269 2.12479 0.0440977
1.69539 2.12708 0.0434034
1.63823 2.12865 0.0428585
1.58124 2.12963 0.0425227
1.52444 2.13056 0.0422257
1.46786 2.13153 0.0419172
1.41152 2.13234 0.0416612
1.35545 2.1331 0.0413911
1.29966 2.13352 0.0412222
1.24418 2.13374 0.0411341
1.18904 2.13397 0.0410471
1.13426 2.13417 0.0409737
1.07986 2.13438 0.0408965
1.02587 2.13459 0.0408219
0.972303 2.13475 0.0407588
0.919188 2.13485 0.0407173
0.866547 2.13492 0.0406855
0.814401 2.13496 0.0406646
0.762771 2.13498 0.0406573
0.711679 2.13498 0.0406544
0.661146 2.13498 0.0406558
0.611191 2.13498 0.040657
0.561834 2.13498 0.0406589
0.513096 2.13497 0.0406592
0.464994 2.13497 0.0406587
0.417547 2.13497 0.0406582
0.370772 2.13497 0.0406608
0.324688 2.13496 0.0406736
0.27931 2.13493 0.040714
0.234656 2.13486 0.0408212
0.19074 2.13479 0.0409886
0.147578 2.13472 0.0411998
0.105183 2.13466 0.0415504
0.0635716 2.13464 0.0420265
0.0227554 2.13469 0.042569
-0.0172524 2.13485 0.0433154
-0.0564394 2.13515 0.0442579
-0.0947939 2.13571 0.0454575
-0.132305 2.1364 0.046254
-0.168961 2.13674 0.0465251
-0.204753 2.13692 0.0465914
-0.23967 2.13697 0.0465847
-0.273704 2.13697 0.0465836
-0.306847 2.13697 0.0465837
-0.339089 2.13698 0.0465912
-0.370424 2.137 0.04661
-0.400844 2.13702 0.0466447
-0.430343 2.13707 0.0467381
-0.458914 2.13716 0.0468927
-0.486553 2.13733 0.0471627
-0.513253 2.13754 0.0474821
-0.53901 2.13782 0.0478376
-0.56382 2.13814 0.0480381
-0.587678 2.13823 0.0480318
-0.610582 2.13824 0.0480294
-0.632528 2.13824 0.0480293
-0.653515 2.13824 0.0480293
-0.673538 2.13824 0.0480303
-0.692598 2.13825 0.0480363
-0.710692 2.13826 0.0480554
-0.727821 2.13828 0.0480886
-0.743982 2.13832 0.0481496
-0.759176 2.13837 0.0482329
-0.773404 2.13846 0.048352
-0.786665 2.13856 0.0484968
-0.798962 2.13874 0.0487424
-0.810295 2.139 0.0490844
-0.820667 2.13941 0.0495219
-0.830079 2.13982 0.0496845
-0.838534 2.13992 0.0496918
-0.846036 2.13994 0.0496833
-0.852586 2.13994 0.0496829
-0.85819 2.13994 0.0496829
-0.862852 2.13995 0.0496851
-0.866574 2.13996 0.0496957
-0.869363 2.13999 0.0497263
-0.871224 2.14006 0.0497948
-0.872162 2.14016 0.0499013
-0.872183 2.14031 0.0500271
-0.871293 2.14049 0.0501793
-0.869499 2.14074 0.05028
-0.866807 2.14083 0.0502904
-0.863226 2.14086 0.0502868
-0.858763 2.14087 0.0502857
-0.853425 2.14087 0.0502863
-0.847221 2.14088 0.0502929
-0.84016 2.14091 0.0503161
-0.832251 2.14098 0.0503881
-0.823503 2.14111 0.0505399
-0.813926 2.14139 0.050844
-0.80353 2.14182 0.0512154
-0.792325 2.14224 0.0515051
-0.780323 2.14262 0.0517205
-0.767534 2.14295 0.0518042
-0.75397 2.14309 0.0517942
-0.739642 2.14311 0.0517891
-0.724563 2.14312 0.0517875
-0.708745 2.14313 0.0517891
-0.6922 2.14317 0.0518178
-0.674943 2.1433 0.0519523
-0.656985 2.14364 0.052308
-0.638342 2.14428 0.0529517
-0.619026 2.1453 0.053997
-0.599054 2.14707 0.0554775
-0.578438 2.14913 0.0570986
-0.557194 2.15195 0.0584732
-0.535337 2.15389 0.0592048
-0.512884 2.15558 0.0596582
-0.489849 2.15691 0.0597864
-0.46625 2.15761 0.0598329
-0.442102 2.1582 0.0598523
-0.417422 2.15865 0.0598609
-0.392228 2.15901 0.0598453
-0.366536 2.15924 0.0598722
-0.340365 2.15964 0.0600432
-0.313732 2.16079 0.0607439
-0.286655 2.16308 0.0623012
-0.259154 2.16666 0.0648506
-0.231245 2.17202 0.0679429
-0.202948 2.17749 0.0706702
-0.174283 2.18329 0.0733045
-0.145269 2.18969 0.0755945
-0.115924 2.19569 0.0769351
-0.0862694 2.20026 0.0775882
-0.0563243 2.20391 0.0780116
-0.0261089 2.20722 0.0782608
0.00435655 2.21001 0.0785245
0.0350517 2.21288 0.0786521
0.065956 2.21514 0.0788429
0.0970488 2.21767 0.0790305
0.128309 2.21998 0.0792606
0.159717 2.22244 0.0794944
0.19125 2.22479 0.0797762
0.222889 2.22731 0.0800082
0.254611 2.22956 0.080252
0.286395 2.23188 0.080368
0.318222 2.23366 0.08054
0.350068 2.23571 0.0807051
0.381914 2.23758 0.0808556
0.413738 2.23938 0.0809982
0.445518 2.24111 0.0811999
0.477234 2.24302 0.0813286
0.508865 2.24453 0.081377
0.540389 2.24574 0.0814419
0.571786 2.24696 0.0814498
0.603034 2.24787 0.0815785
0.634114 2.24937 0.0820825
0.665004 2.25232 0.0835332
0.695684 2.25738 0.0862728
0.726133 2.26399 0.0903832
0.756332 2.27335 0.0955778
0.78626 2.28378 0.100209
0.815898 2.2937 0.104267
0.845225 2.30429 0.107686
0.874223 2.31441 0.11
0.902871 2.32338 0.111266
0.931152 2.33093 0.111986
0.959045 2.3377 0.112551
0.986532 2.34428 0.113084
1.0136 2.35081 0.113435
1.04022 2.3568 0.113858
1.06638 2.36305 0.114309
1.09206 2.36928 0.114613
1.11725 2.37504 0.11464
1.14192 2.37992 0.114765
1.16607 2.38503 0.114845
1.18967 2.38982 0.114895
1.21271 2.39436 0.114746
1.23517 2.39803 0.114619
1.25703 2.40145 0.114494
1.27829 2.40464 0.114331
1.29892 2.40742 0.114213
1.31891 2.41004 0.113913
1.33824 2.41173 0.11387
1.35691 2.41403 0.114159
1.37489 2.41792 0.11494
1.39218 2.42294 0.11653
1.40876 2.43012 0.119034
1.42461 2.43869 0.121712
1.43973 2.44743 0.124342
1.4541 2.4567 0.126987
1.46771 2.46644 0.129309
1.48055 2.47595 0.131127
1.49261 2.48513 0.132149
1.50387 2.49298 0.132707
1.51432 2.50009 0.132922
1.52396 2.50638 0.132879
1.53277 2.51182 0.13258
1.54074 2.51623 0.132307
1.54787 2.5203 0.132005
1.55414 2.52394 0.131668
1.55955 2.52705 0.131332
1.56409 2.52972 0.130972
1.56775 2.53184 0.130856
1.57051 2.53465 0.130928
1.57239 2.53833 0.131378
1.57335 2.54345 0.132209
1.57341 2.54941 0.133501
1.57255 2.55677 0.134651
1.57077 2.56348 0.135501
1.56806 2.56989 0.136456
1.56442 2.57697 0.137269
1.55983 2.58371 0.137286
1.55431 2.58846 0.137193
1.54783 2.59269 0.136852
1.54041 2.59578 0.136398
1.53202 2.59781 0.135913
1.52268 2.59881 0.135678
1.51238 2.59969 0.135575
1.50112 2.60123 0.13552
1.48888 2.60333 0.135603
1.47569 2.60611 0.135992
1.46152 2.61008 0.136728
1.44638 2.61479 0.137749
1.43027 2.62016 0.139127
1.41319 2.6266 0.140466
1.39515 2.63254 0.141473
1.37613 2.63807 0.142109
1.35615 2.64278 0.14237
1.3352 2.64658 0.142394
1.31328 2.6496 0.142108
1.29041 2.65133 0.141678
1.26657 2.6519 0.141427
1.24178 2.65194 0.141404
1.21604 2.65196 0.141399
1.18935 2.652 0.14138
1.16172 2.65204 0.141369
1.13316 2.65212 0.141351
1.10366 2.65223 0.141332
1.07324 2.65233 0.141321
1.0419 2.65243 0.141317
1.00965 2.65255 0.141306
0.976499 2.65262 0.141302
0.942453 2.65267 0.141301
0.907522 2.65272 0.141296
0.871716 2.65273 0.141292
0.835045 2.65274 0.141291
0.797518 2.65274 0.14129
0.759149 2.65274 0.14129
0.719947 2.65274 0.14129
0.679926 2.65274 0.14129
0.639099 2.65274 0.141293
0.597478 2.65275 0.141309
0.555079 2.65277 0.141343
0.511915 2.65285 0.141424
0.468002 2.65303 0.141564
0.423356 2.65335 0.141807
0.377993 2.65409 0.142288
0.33193 2.65531 0.142939
0.285183 2.65705 0.143924
0.237772 2.66021 0.145495
0.189715 2.66452 0.147337
0.14103 2.6698 0.149157
0.0917371 2.67558 0.151091
0.0418558 2.68265 0.153077
-0.00859343 2.69017 0.154886
-0.05959 2.69807 0.156631
-0.111113 2.70668 0.157892
-0.16314 2.71466 0.159007
-0.215651 2.72314 0.160027
-0.268623 2.73166 0.161001
-0.322033 2.7406 0.161936
-0.37586 2.74983 0.162498
-0.43008 2.75841 0.16276
-0.484671 2.76663 0.163019
-0.539609 2.77497 0.163099
-0.594871 2.78301 0.163242
-0.650434 2.79135 0.16324
-0.706276 2.79942 0.163299
-0.762371 2.80774 0.163329
-0.818697 2.81609 0.163505
-0.875232 2.82499 0.16353
-0.93195 2.83354 0.163665
-0.98883 2.84246 0.163826
-1.04585 2.85158 0.164068
-1.10298 2.86102 0.164271
-1.16021 2.87041 0.164484
-1.2175 2.87993 0.164649
-1.27484 2.88948 0.164733
-1.33221 2.89891 0.164646
-1.38957 2.90801 0.164623
-1.44692 2.91729 0.164688
-1.50423 2.92685 0.164783
-1.56147 2.93654 0.164789
-1.61862 2.94609 0.164791
-1.67567 2.95566 0.164758
-1.73259 2.96522 0.164801
-1.78937 2.97499 0.164889
-1.84597 2.98493 0.164794
-1.90238 2.99452 0.164632
-1.95858 3.004 0.164401
-2.01454 3.01333 0.164075
-2.07026 3.02243 0.163892
-2.1257 3.03188 0.163812
-2.18085 3.04161 0.163622
-2.23569 3.05112 0.163515
-2.2902 3.06082 0.163404
-2.34435 3.07051 0.163395
-2.39814 3.0805 0.163432
-2.45154 3.09063 0.16346
-2.50452 3.10067 0.163476
-2.55708 3.11078 0.163479
-2.60919 3.1209 0.163412
-2.66084 3.13093 0.163117
-2.712 3.14048 0.163044
-2.76266 3.15053 0.162971
-2.81279 3.16059 0.162614
-2.86239 3.1701 0.162374
-2.91143 3.17982 0.162077
-2.95989 3.18944 0.161704
-3.00776 3.19888 0.161332
-3.05501 3.20831 0.161076
-3.10164 3.21801 0.160599
-3.14762 3.22724 0.16006
-3.19293 3.23627 0.159564
-3.23756 3.24531 0.158981
-3.28149 3.25422 0.158503
-3.3247 3.26328 0.15824
-3.36719 3.27282 0.158072
-3.40892 3.28265 0.158162
-3.44988 3.29295 0.158231
-3.49006 3.30333 0.158195
-3.52944 3.31353 0.157868
-3.56801 3.32314 0.157632
-3.60574 3.33292 0.157362
-3.64263 3.34266 0.156809
-3.67866 3.35175 0.156186
-3.71381 3.3606 0.155589
-3.74807 3.36943 0.154931
-3.78142 3.37811 0.154498
-3.81385 3.38723 0.154346
-3.84534 3.39708 0.15422
-3.87588 3.407 0.154076
-3.90546 3.41689 0.154201
-3.93407 3.42738 0.154613
-3.96168 3.43842 0.155049
-3.98829 3.44952 0.155433
-4.01388 3.46062 0.155306
-4.03845 3.47071 0.154745
-4.06198 3.47984 0.154061
-4.08446 3.48851 0.153495
-4.10587 3.49735 0.153314
-4.12621 3.50714 0.153163
-4.14546 3.517 0.153058
-4.16362 3.52693 0.153266
-4.18067 3.53757 0.153254
-4.19661 3.54773 0.15348
-4.21142 3.55841 0.153594
-4.2251 3.56883 0.153752
-4.23764 3.57934 0.153929
-4.24903 3.58989 0.153954
-4.25925 3.60013 0.154021
-4.26832 3.61046 0.153909
-4.2762 3.62038 0.15384
-4.28291 3.63038 0.153674
-4.28843 3.64013 0.153496
-4.29275 3.64983 0.153139
-4.29588 3.65909 0.152647
-4.2978 3.66792 0.152206
-4.29852 3.67676 0.151742
-4.29801 3.68548 0.15126
-4.29629 3.69406 0.150684
-4.29335 3.70229 0.15018
-4.28918 3.71053 0.149907
-4.28379 3.7193 0.149922
-4.27716 3.72879 0.150065
-4.2693 3.73855 0.150252
-4.2602 3.74839 0.15051
-4.24986 3.75845 0.150448
-4.23829 3.76781 0.150342
-4.22548 3.77702 0.150019
-4.21142 3.78569 0.14945
-4.19613 3.79363 0.148801
-4.1796 3.80111 0.148137
-4.16183 3.80834 0.147731
-4.14283 3.81618 0.147479
-4.12259 3.82446 0.147278
-4.10111 3.83285 0.147084
-4.07841 3.84122 0.146874
-4.05448 3.8495 0.146735
-4.02932 3.858 0.146804
-4.00294 3.867 0.146802
-3.97534 3.87585 0.146787
-3.94653 3.88465 0.146846
-3.91651 3.89366 0.146864
-3.88528 3.90259 0.146813
-3.85286 3.91137 0.146694
-3.81924 3.92 0.14654
-3.78443 3.92856 0.146435
-3.74845 3.93725 0.146236
-3.71128 3.94572 0.146063
-3.67295 3.95425 0.145604
-3.63346 3.96204 0.144996
-3.59281 3.96924 0.144472
-3.55102 3.97652 0.143986
-3.50809 3.98388 0.143491
-3.46402 3.99116 0.142946
-3.41884 3.9982 0.142245
-3.37254 4.00463 0.141576
-3.32514 4.01089 0.140787
-3.27664 4.01657 0.140038
-3.22706 4.022 0.139298
-3.1764 4.02726 0.138456
-3.12467 4.03186 0.137743
-3.07189 4.03641 0.136944
-3.01807 4.04043 0.136191
-2.9632 4.04403 0.135405
-2.90732 4.04689 0.134752
-2.85042 4.0494 0.134075
-2.79252 4.05116 0.13355
-2.73362 4.05245 0.133143
-2.67375 4.0534 0.132814
-2.61291 4.05401 0.132582
-2.55112 4.05431 0.132448
-2.48838 4.05437 0.132419
-2.42471 4.05434 0.132437
-2.36013 4.05428 0.132474
-2.29464 4.05424 0.132505
-2.22826 4.05423 0.132515
-2.161 4.05423 0.132511
-2.09288 4.05422 0.132517
-2.02392 4.05413 0.132592
-1.95412 4.05397 0.132772
-1.88351 4.05373 0.133113
-1.8121 4.05355 0.133429
-1.7399 4.05339 0.133801
-1.66694 4.05327 0.13411
-1.59324 4.05323 0.134234
-1.5188 4.05321 0.134276
-1.44366 4.0532 0.134299
-1.36784 4.0532 0.134303
-1.29135 4.0532 0.134306
-1.21422 4.05319 0.134333
-1.13647 4.0532 0.134538
-1.05812 4.05328 0.135142
-0.979212 4.05368 0.136541
-0.899762 4.05454 0.138636
-0.819799 4.05625 0.141309
-0.739354 4.05791 0.143378
-0.658457 4.05995 0.145141
-0.577139 4.06158 0.146253
-0.495432 4.06298 0.146978
-0.41337 4.064 0.147465
-0.330987 4.0651 0.147913
-0.248319 4.06605 0.148271
-0.165402 4.06694 0.148602
-0.0822722 4.06792 0.148997
0.00103279 4.06909 0.149444
0.0844753 4.07029 0.149939
0.168017 4.07171 0.150463
0.25162 4.07307 0.150918
0.335246 4.07435 0.151409
0.418856 4.0759 0.152082
0.502412 4.078 0.152817
0.585876 4.07983 0.153511
0.669212 4.082 0.154279
0.752382 4.08421 0.15515
0.83535 4.08692 0.156175
0.918081 4.08978 0.157164
1.00054 4.0926 0.158088
1.08269 4.0954 0.158982
1.16451 4.0984 0.159937
1.24596 4.10149 0.160927
1.327 4.10504 0.16205
1.40762 4.10891 0.163314
1.48778 4.11331 0.164813
1.56746 4.11839 0.166366
1.64662 4.12351 0.167903
1.72524 4.12901 0.16968
1.80331 4.13543 0.171584
1.88079 4.14198 0.173406
1.95767 4.1487 0.175212
2.03392 4.15556 0.176886
2.10952 4.16259 0.178414
2.18445 4.16951 0.179814
2.25869 4.17646 0.181227
2.33223 4.18374 0.182525
2.40505 4.19078 0.183931
2.47713 4.19856 0.184942
2.54845 4.20523 0.185757
2.61899 4.21182 0.186864
2.68875 4.2195 0.187674
2.7577 4.22595 0.188543
2.82584 4.23326 0.189283
2.89314 4.24003 0.189848
2.95959 4.24641 0.19029
3.02518 4.25259 0.190867
3.0899 4.25926 0.191455
3.15373 4.26583 0.19234
3.21665 4.2732 0.19397
3.27866 4.28251 0.195529
3.33974 4.2912 0.197036
3.39988 4.30027 0.198091
3.45907 4.30849 0.198741
3.51729 4.31609 0.199263
3.57454 4.32344 0.199812
3.63079 4.33105 0.200129
3.68605 4.33805 0.200372
3.74029 4.34488 0.20056
3.79351 4.35151 0.201012
3.84569 4.3587 0.202208
3.89684 4.36786 0.204469
3.94692 4.37871 0.207749
3.99594 4.39093 0.211657
4.04388 4.40436 0.215177
4.09074 4.41736 0.218027
4.1365 4.43008 0.220155
4.18115 4.44216 0.221595
4.22469 4.45351 0.222496
4.26711 4.46419 0.222822
4.3084 4.47387 0.222831
4.34854 4.48293 0.222682
4.38754 4.49152 0.222474
4.42539 4.49994 0.222258
4.46207 4.50827 0.221889
4.49758 4.51604 0.221475
4.53191 4.52355 0.2209
4.56506 4.53044 0.220545
4.59702 4.53767 0.220824
4.62778 4.54665 0.221859
4.65735 4.55718 0.223548
4.68571 4.56869 0.225757
4.71285 4.58117 0.227745
4.73879 4.59345 0.229079
4.7635 4.60497 0.229815
4.787 4.61571 0.23006
4.80926 4.62568 0.22997
4.8303 4.635 0.229552
4.85011 4.64346 0.228833
4.86869 4.65101 0.227989
4.88603 4.6578 0.22706
4.90213 4.66395 0.226469
4.917 4.67075 0.226234
4.93063 4.6787 0.226451
4.94303 4.68794 0.226893
4.95419 4.69776 0.22663
4.96411 4.70601 0.225636
4.97279 4.71212 0.224622
4.98024 4.71713 0.223836
4.98646 4.72209 0.223339
4.99145 4.72798 0.223084
4.99521 4.73493 0.223052
4.99775 4.74263 0.223228
4.99906 4.75091 0.22373
4.99916 4.76006 0.224356
4.99805 4.76946 0.225299
4.99573 4.77966 0.226456
4.9922 4.7903 0.227722
4.98748 4.80145 0.228394
4.98157 4.81155 0.228695
4.97447 4.8211 0.228753
4.96619 4.83023 0.228445
4.95674 4.83851 0.227638
4.94612 4.84531 0.22658
4.93434 4.85075 0.225658
4.92142 4.8557 0.22477
4.90735 4.86017 0.223615
4.89215 4.86289 0.222738
4.87583 4.86444 0.222279
4.85839 4.86606 0.221836
4.83985 4.86775 0.221428
4.82022 4.86958 0.221016
4.7995 4.87137 0.22067
4.77771 4.87335 0.220206
4.75485 4.87467 0.219818
4.73095 4.87536 0.219593
4.706 4.87575 0.219452
4.68003 4.87597 0.219374
4.65304 4.87614 0.219315
4.62505 4.87629 0.21925
4.59607 4.8763 0.219246
4.56611 4.87628 0.219256
4.53519 4.87626 0.21927
4.50332 4.87625 0.219281
4.47052 4.87624 0.219287
4.43679 4.87624 0.219291
4.40216 4.87624 0.21929
4.36663 4.87624 0.21929
4.33023 4.87624 0.21929
4.29296 4.87623 0.219301
4.25485 4.8762 0.21936
4.2159 4.87616 0.219547
4.17614 4.87614 0.219874
4.13557 4.87622 0.220276
4.09423 4.87635 0.220574
4.05211 4.87652 0.2208
4.00924 4.87675 0.221025
3.96564 4.87706 0.22127
3.92132 4.87751 0.221475
3.87629 4.87786 0.221575
3.83059 4.87813 0.221645
3.78421 4.87846 0.221717
3.73719 4.87882 0.221791
3.68953 4.87924 0.22187
3.64126 4.8797 0.221949
3.5924 4.88019 0.222065
3.54295 4.88099 0.222192
3.49295 4.88171 0.222358
3.4424 4.88285 0.222632
3.39133 4.88431 0.222972
3.33976 4.88604 0.223419
3.2877 4.88836 0.224022
3.23517 4.89126 0.224869
3.18219 4.89509 0.225978
3.12878 4.8997 0.2274
3.07497 4.90556 0.229307
3.02076 4.91272 0.231594
2.96619 4.92085 0.234309
2.91126 4.93037 0.237306
2.85601 4.94048 0.240788
2.80044 4.95207 0.244496
2.74459 4.96407 0.248181
2.68846 4.97653 0.251847
2.63209 4.98978 0.25488
2.57549 5.00255 0.256824
2.51868 5.01413 0.258105
2.46169 5.02512 0.258777
2.40454 5.03525 0.258941
2.34724 5.04435 0.259728
2.28983 5.05506 0.260465
2.23232 5.0655 0.261425
2.17474 5.07634 0.262938
2.11711 5.0884 0.264456
2.05944 5.10038 0.265716
2.00177 5.11214 0.266789
1.94412 5.12348 0.268331
1.88652 5.13598 0.269768
1.82897 5.14826 0.270729
1.77152 5.15988 0.271371
1.71417 5.17121 0.271661
1.65697 5.18194 0.271753
1.59992 5.19235 0.27174
1.54306 5.20256 0.271727
1.4864 5.2128 0.271535
1.42998 5.22272 0.271293
1.37382 5.23242 0.270908
1.31793 5.24185 0.270499
1.26235 5.25114 0.269875
1.2071 5.25995 0.269086
1.15219 5.26822 0.26815
1.09767 5.27592 0.267351
1.04354 5.28376 0.266951
0.98983 5.2927 0.266808
0.936565 5.30235 0.26681
0.883766 5.31231 0.267072
0.831455 5.32293 0.267271
0.779654 5.33336 0.267597
0.728383 5.34416 0.267717
0.677664 5.35457 0.26747
0.627517 5.36428 0.266603
0.577962 5.37253 0.265484
0.529019 5.37973 0.264337
0.480706 5.38636 0.263463
0.433042 5.39348 0.2626
0.386044 5.40076 0.261837
0.339732 5.40829 0.261118
0.294121 5.41602 0.260423
0.249227 5.42379 0.259771
0.205067 5.43164 0.259137
0.161656 5.43953 0.258499
0.119008 5.4473 0.257715
0.0771382 5.45461 0.256884
0.0360595 5.46159 0.255974
-0.00421501 5.46806 0.254975
-0.0436726 5.47391 0.254015
-0.0823015 5.47942 0.253019
-0.12009 5.48441 0.252038
-0.157028 5.4889 0.251036
-0.193105 5.49268 0.250255
-0.22831 5.49661 0.249519
-0.262635 5.50069 0.248835
-0.296071 5.50505 0.248152
-0.328609 5.50944 0.247419
-0.360243 5.51351 0.246723
-0.390964 5.51736 0.246121
-0.420766 5.5213 0.245431
-0.449642 5.52478 0.244848
-0.477587 5.52828 0.244188
-0.504596 5.5312 0.243594
-0.530663 5.53376 0.243054
-0.555784 5.53598 0.242559
-0.579955 5.5379 0.242124
-0.603172 5.53965 0.241832
-0.625433 5.54209 0.241559
-0.646735 5.54527 0.241377
-0.667074 5.54931 0.241216
-0.686451 5.55362 0.241137
-0.704862 5.55835 0.240978
-0.722307 5.56278 0.240569
-0.738786 5.56613 0.240135
-0.754297 5.56876 0.239636
-0.768842 5.57047 0.239218
-0.78242 5.57148 0.238987
-0.795033 5.5725 0.238788
-0.806683 5.57373 0.238609
-0.81737 5.57533 0.238415
-0.827096 5.57711 0.238275
-0.835865 5.57929 0.238161
-0.843679 5.58171 0.238028
-0.850542 5.58405 0.237935
-0.856456 5.58654 0.237873
-0.861426 5.5892 0.237774
-0.865456 5.59167 0.237676
-0.868551 5.5941 0.237591
-0.870716 5.59654 0.237459
-0.871956 5.59872 0.23735
-0.872277 5.6009 0.237174
-0.871685 5.6027 0.237047
-0.870187 5.60456 0.236924
-0.867789 5.6064 0.236766
-0.864499 5.60798 0.236608
-0.860324 5.60937 0.236449
-0.855272 5.61056 0.236301
-0.849351 5.61163 0.236147
-0.842571 5.61247 0.235987
-0.834939 5.61303 0.23589
-0.826465 5.6136 0.235764
-0.817159 5.61394 0.235687
-0.807031 5.61422 0.235617
-0.79609 5.61441 0.235559
-0.784349 5.61448 0.235537
-0.771816 5.61453 0.235516
-0.758505 5.61452 0.235519
-0.744427 5.61451 0.235527
-0.729593 5.61449 0.235537
-0.714016 5.61448 0.235546
-0.697708 5.61448 0.235549
-0.680683 5.61448 0.235548
-0.662954 5.61447 0.235549
-0.644534 5.61446 0.23556
-0.625437 5.61442 0.235615
-0.605679 5.61438 0.235722
-0.585272 5.61433 0.235915
-0.564233 5.61432 0.23632
-0.542575 5.61441 0.23694
-0.520316 5.6147 0.237801
-0.49747 5.61527 0.238695
-0.474054 5.61569 0.239074
-0.450085 5.61596 0.23923
-0.425578 5.61613 0.239266
-0.40055 5.61619 0.239257
-0.37502 5.61619 0.239256
-0.349004 5.6162 0.239258
-0.322521 5.61623 0.239279
-0.295588 5.61633 0.239362
-0.268223 5.61661 0.239581
-0.240446 5.61701 0.239939
-0.212275 5.61783 0.240666
-0.183728 5.6192 0.241435
-0.154826 5.6201 0.241739
-0.125588 5.62065 0.241859
-0.0960327 5.62104 0.241871
-0.0661806 5.62118 0.241861
-0.0360517 5.62126 0.241853
-0.00566602 5.62129 0.241861
0.024956 5.62149 0.241939
0.0557939 5.6219 0.242169
0.0868272 5.62273 0.242684
0.118035 5.62406 0.243579
0.149397 5.62617 0.245046
0.180891 5.62937 0.246621
0.212497 5.63215 0.247581
0.244194 5.63437 0.248089
0.275961 5.636 0.248236
0.307776 5.63693 0.248181
0.339618 5.63732 0.248126
0.371466 5.6375 0.248087
0.4033 5.63758 0.248072
0.435096 5.63764 0.248076
0.466836 5.63795 0.24815
0.498497 5.6386 0.24836
0.530058 5.63958 0.248801
0.561499 5.64131 0.249621
0.592799 5.64362 0.250713
0.623936 5.64657 0.251665
0.654891 5.64887 0.252125
0.685642 5.65054 0.252321
0.716169 5.65175 0.252291
0.746452 5.6523 0.252237
0.776471 5.6526 0.252211
0.806207 5.65287 0.252242
0.835638 5.65363 0.252439
0.864746 5.65505 0.252892
0.893511 5.65702 0.253718
0.921914 5.66015 0.255214
0.949936 5.66457 0.257322
0.977559 5.67019 0.259236
1.00476 5.67503 0.260425
1.03153 5.67918 0.261004
1.05785 5.68221 0.261115
1.08369 5.68417 0.261004
1.10904 5.6853 0.260888
1.13389 5.68606 0.26079
1.15821 5.68657 0.26081
1.18199 5.68782 0.26099
1.20521 5.68981 0.261401
1.22786 5.6925 0.262164
1.24992 5.69636 0.263413
1.27138 5.70128 0.265194
1.29222 5.70764 0.266981
1.31242 5.71369 0.268087
1.33197 5.71871 0.268608
1.35086 5.72273 0.268667
1.36907 5.72552 0.2684
1.38659 5.72699 0.268117
1.4034 5.72764 0.267963
1.41949 5.728 0.267869
1.43485 5.7282 0.267852
1.44947 5.72898 0.267867
1.46333 5.7302 0.268003
1.47643 5.73204 0.268275
1.48874 5.73425 0.268742
1.50026 5.73726 0.269399
1.51098 5.74068 0.270237
1.52089 5.74482 0.271399
1.52997 5.75004 0.272361
1.53822 5.75439 0.272625
1.54563 5.75724 0.272515
1.55218 5.75897 0.272253
1.55788 5.75975 0.272052
1.5627 5.75998 0.271978
1.56664 5.76006 0.271962
1.5697 5.76032 0.271927
1.57187 5.76069 0.271911
1.57314 5.76128 0.271922
1.57349 5.76209 0.271957
1.57293 5.76299 0.272053
1.57146 5.76424 0.272232
1.56905 5.76578 0.272457
1.56571 5.76746 0.272719
1.56144 5.76934 0.273088
1.55622 5.77171 0.273536
1.55006 5.77422 0.274081
1.54295 5.77725 0.274548
1.53488 5.77984 0.27506
1.52585 5.78308 0.275679
1.51587 5.78645 0.275947
1.50492 5.78872 0.276139
1.493 5.79103 0.275903
1.48012 5.79185 0.275768
1.46627 5.79232 0.275698
1.45145 5.79276 0.275631
1.43566 5.79315 0.275579
1.41891 5.79353 0.275534
1.40118 5.79392 0.275499
1.38248 5.79434 0.275451
1.36281 5.79465 0.275419
1.34218 5.79494 0.275387
1.32058 5.79519 0.275352
1.29802 5.79534 0.275322
1.2745 5.79543 0.275304
1.25002 5.79549 0.275287
1.22459 5.79551 0.275279
1.19821 5.79551 0.275279
1.17089 5.79551 0.275279
1.14263 5.79551 0.27528
1.11344 5.79551 0.27528
1.08332 5.79551 0.275281
1.05228 5.7955 0.275296
1.02033 5.79549 0.275351
0.987475 5.79548 0.275496
0.953722 5.79553 0.275713
0.91908 5.79569 0.276131
0.883561 5.79613 0.276885
0.847172 5.79698 0.278005
0.809925 5.79845 0.279449
0.771831 5.80049 0.280931
0.732901 5.80284 0.282289
0.693147 5.80561 0.283517
0.652583 5.80852 0.284551
0.611221 5.81162 0.285346
0.569076 5.81468 0.286136
0.526161 5.81855 0.287084
0.482493 5.82311 0.288038
0.438085 5.82796 0.288991
0.392956 5.83334 0.290034
0.34712 5.83946 0.291235
0.300596 5.84648 0.292112
0.253401 5.8528 0.292612
0.205554 5.85872 0.292994
0.157073 5.86468 0.293153
0.107977 5.87021 0.293151
0.0582864 5.87541 0.293055
0.00802126 5.8804 0.292985
-0.042798 5.88557 0.293208
-0.0941505 5.89201 0.293666
-0.146015 5.89938 0.294379
-0.198369 5.90763 0.295405
-0.251192 5.91672 0.296858
-0.304461 5.92713 0.298138
-0.358154 5.93718 0.299104
-0.412247 5.94704 0.299876
-0.466719 5.95681 0.30044
-0.521546 5.96644 0.300682
-0.576704 5.97549 0.300737
-0.632171 5.98418 0.300655
-0.687924 5.9927 0.300578
-0.743938 6.00126 0.300582
-0.800192 6.0101 0.300502
-0.85666 6.01879 0.300447
-0.913321 6.02757 0.300359
-0.97015 6.03631 0.300292
-1.02713 6.04523 0.300076
-1.08422 6.05376 0.299884
-1.14142 6.06237 0.299596
-1.19869 6.07072 0.299251
-1.25602 6.07891 0.29882
-1.31338 6.08685 0.298433
-1.37075 6.09494 0.29794
-1.42811 6.10271 0.297514
-1.48543 6.11054 0.296893
-1.54269 6.11791 0.296416
-1.59988 6.12555 0.295917
-1.65697 6.13315 0.295508
-1.71393 6.14097 0.295445
-1.77075 6.14981 0.295636
-1.82741 6.15932 0.296053
-1.88389 6.16935 0.296704
-1.94016 6.18 0.297425
-1.99621 6.19094 0.297639
-2.05201 6.20087 0.297756
-2.10754 6.21068 0.297793
-2.16279 6.22042 0.297696
-2.21773 6.22989 0.297471
-2.27235 6.23911 0.297249
-2.32662 6.24831 0.296947
-2.38053 6.25735 0.29667
-2.43406 6.26644 0.296408
-2.48718 6.27556 0.296136
-2.53988 6.28476 0.295823
-2.59214 6.29379 0.295503
-2.64394 6.30284 0.295264
-2.69527 6.3121 0.294927
-2.74609 6.32116 0.294649
-2.7964 6.33037 0.294219
-2.84618 6.33918 0.29364
-2.8954 6.34757 0.293037
-2.94405 6.35581 0.29244
-2.99212 6.36407 0.291921
-3.03958 6.37247 0.291573
-3.08641 6.3813 0.29142
-3.1326 6.39067 0.291376
-3.17813 6.40034 0.291266
-3.22299 6.40989 0.291092
-3.26715 6.41934 0.290674
-3.31061 6.42819 0.290171
-3.35333 6.43682 0.289446
-3.39531 6.44483 0.288923
-3.43653 6.45323 0.288469
-3.47698 6.46184 0.288289
-3.51662 6.47116 0.288119
-3.55546 6.48056 0.288049
-3.59348 6.4902 0.288078
-3.63065 6.50009 0.288181
-3.66696 6.51018 0.288358
-3.7024 6.52047 0.288448
-3.73695 6.53059 0.288579
-3.7706 6.54092 0.28838
-3.80334 6.55056 0.287905
-3.83514 6.55954 0.287258
-3.866 6.568 0.28656
-3.8959 6.57621 0.285838
-3.92483 6.58426 0.285258
-3.95277 6.59261 0.284636
-3.97971 6.60089 0.284243
-4.00564 6.60971 0.283732
-4.03054 6.61831 0.283374
-4.05441 6.62726 0.282903
-4.07724 6.63595 0.282489
-4.099 6.64474 0.282066
-4.11969 6.6535 0.281784
-4.1393 6.6626 0.281282
-4.15782 6.67111 0.280632
-4.17524 6.67911 0.280098
-4.19154 6.68725 0.27928
-4.20672 6.69455 0.278763
-4.22077 6.70245 0.278472
-4.23368 6.71102 0.278377
-4.24545 6.72012 0.278454
-4.25605 6.72961 0.278776
-4.26549 6.7397 0.278925
-4.27377 6.74939 0.278998
-4.28086 6.75892 0.278629
-4.28676 6.76738 0.278205
-4.29148 6.77554 0.277725
-4.295 6.78339 0.277191
-4.29731 6.79092 0.276848
-4.29842 6.79882 0.276518
-4.29831 6.80672 0.27622
-4.29699 6.81462 0.275954
-4.29444 6.82254 0.27567
-4.29067 6.83034 0.275448
-4.28567 6.83826 0.27531
-4.27944 6.84638 0.275149
-4.27198 6.8544 0.274946
-4.26328 6.86226 0.274727
-4.25335 6.87001 0.274493
-4.24218 6.87766 0.274269
-4.22976 6.88527 0.273948
-4.21611 6.89252 0.273649
-4.20122 6.89976 0.273331
-4.18509 6.90684 0.272975
-4.16772 6.91369 0.27266
-4.14912 6.92053 0.272227
-4.12927 6.92685 0.271714
-4.1082 6.93268 0.271284
-4.08589 6.93852 0.270833
-4.06235 6.94413 0.270273
-4.03759 6.94907 0.2697
-4.0116 6.9535 0.269164
-3.98439 6.95767 0.268605
-3.95597 6.96137 0.268089
-3.92634 6.96474 0.26754
-3.8955 6.96748 0.26705
-3.86346 6.96978 0.266589
-3.83022 6.97153 0.266211
-3.7958 6.97291 0.265892
-3.76019 6.97395 0.265634
-3.7234 6.97468 0.265434
-3.68544 6.97513 0.265298
-3.64632 6.97533 0.26523
-3.60604 6.97541 0.265202
-3.56461 6.97534 0.265231
-3.52204 6.97525 0.265279
-3.47834 6.97518 0.265325
-3.43351 6.97515 0.265351
-3.38757 6.97514 0.265361
-3.34052 6.97514 0.265361
-3.29237 6.97514 0.265361
-3.24313 6.97514 0.265364
-3.19281 6.97513 0.265367
-3.14142 6.97513 0.265366
-3.08898 6.97515 0.265361
-3.03548 6.97516 0.265355
-2.98095 6.97516 0.265359
-2.92538 6.97516 0.265361
-2.8688 6.97515 0.265364
-2.81122 6.9751 0.265489
-2.75264 6.97491 0.266475
-2.69307 6.97488 0.268164
-2.63254 6.97508 0.269381
-2.57104 6.97537 0.270101
-2.5086 6.97561 0.270401
-2.44523 6.97572 0.270468
-2.38093 6.97575 0.270482
-2.31572 6.97577 0.270487
-2.24962 6.97578 0.27049
-2.18264 6.97579 0.270496
-2.11479 6.9758 0.270507
-2.04609 6.97584 0.27054
-1.97655 6.9759 0.27061
-1.90619 6.976 0.270707
-1.83503 6.97616 0.270909
-1.76308 6.97653 0.271384
-1.69036 6.97729 0.272253
-1.61688 6.97843 0.273482
-1.54267 6.98022 0.275216
-1.46775 6.9827 0.277629
-1.39214 6.9865 0.280923
-1.31585 6.99147 0.285211
-1.23892 6.99831 0.290532
-1.16135 7.00664 0.296532
-1.08319 7.01629 0.303115
-1.00445 7.02698 0.310417
-0.925166 7.03925 0.31863
-0.845358 7.05231 0.327228
-0.765058 7.06733 0.335557
-0.684295 7.082 0.343116
-0.603101 7.09746 0.349803
-0.521508 7.11196 0.356142
-0.43955 7.12642 0.362806
-0.357259 7.14204 0.369216
-0.274672 7.15709 0.375359
-0.191824 7.17272 0.380982
-0.108751 7.18767 0.386407
-0.0254916 7.2033 0.391147
0.0579177 7.21857 0.394885
0.141438 7.23332 0.397696
0.225032 7.24712 0.400008
0.308661 7.26069 0.40209
0.392287 7.27402 0.403952
0.475871 7.28711 0.405793
0.559375 7.30024 0.407626
0.642762 7.31335 0.409509
0.725995 7.3266 0.411303
0.809037 7.33976 0.412959
0.891853 7.35274 0.414512
0.974409 7.36575 0.415868
1.05667 7.37827 0.417694
1.1386 7.39164 0.419374
1.22018 7.40476 0.420757
1.30136 7.41762 0.421695
1.38212 7.42995 0.422319
1.46244 7.44187 0.422691
1.54227 7.45342 0.423689
1.62161 7.46589 0.424432
1.70041 7.47799 0.424991
1.77866 7.48994 0.425155
1.85634 7.50126 0.42501
1.93341 7.5121 0.424696
2.00987 7.52261 0.424282
2.08568 7.53301 0.42374
2.16083 7.54305 0.423513
2.2353 7.55364 0.423762
2.30907 7.56508 0.42371
2.38213 7.57601 0.423154
2.45444 7.5861 0.423019
2.52601 7.5968 0.423193
2.59681 7.60805 0.423264
2.66682 7.61919 0.422933
2.73603 7.62954 0.422218
2.80443 7.63918 0.421518
2.872 7.64872 0.421166
2.93873 7.65886 0.420811
3.0046 7.66904 0.420571
3.0696 7.67943 0.420109
3.13371 7.68942 0.419651
3.19693 7.69931 0.41893
3.25923 7.70857 0.41809
3.32061 7.71745 0.417476
3.38105 7.7267 0.416941
3.44055 7.73614 0.416329
3.49908 7.7453 0.415799
3.55664 7.75458 0.41533
3.61321 7.764 0.414619
3.66878 7.77273 0.413908
3.72335 7.7813 0.413309
3.7769 7.79001 0.412508
3.82941 7.79812 0.411679
3.88089 7.80588 0.410779
3.93131 7.8132 0.409905
3.98067 7.82028 0.409033
4.02895 7.82709 0.408206
4.07615 7.83371 0.407312
4.12226 7.83979 0.406419
4.16727 7.84534 0.405662
4.21116 7.85087 0.405033
4.25394 7.8566 0.404866
4.29558 7.86395 0.405054
4.33609 7.87239 0.405635
4.37545 7.88179 0.406613
4.41366 7.89196 0.407839
4.45071 7.90275 0.409002
4.48659 7.91343 0.409888
4.52129 7.92381 0.410204
4.55481 7.93313 0.410119
4.58715 7.94157 0.409616
4.61829 7.94885 0.40923
4.64823 7.95607 0.408831
4.67697 7.96316 0.408442
4.7045 7.97008 0.408521
4.73082 7.97837 0.408993
4.75592 7.98761 0.409772
4.77979 7.99746 0.410924
4.80244 8.00827 0.411659
4.82387 8.01822 0.411899
4.84406 8.02733 0.411927
4.86303 8.03599 0.411711
4.88075 8.04403 0.411308
4.89725 8.05143 0.410469
4.9125 8.05729 0.409689
4.92652 8.06254 0.409329
4.9393 8.06901 0.409164
4.95084 8.07631 0.409142
4.96115 8.08404 0.40937
4.97022 8.0925 0.409716
4.97805 8.10125 0.410172
4.98466 8.11032 0.410714
4.99003 8.11963 0.411369
4.99417 8.12927 0.412115
4.99709 8.13922 0.412728
4.99879 8.14902 0.413028
4.99926 8.15822 0.413118
4.99853 8.16704 0.413019
4.99658 8.17536 0.412885
4.99343 8.18356 0.412525
4.98908 8.19112 0.412053
4.98353 8.19816 0.411808
4.9768 8.20573 0.411609
4.96888 8.21343 0.411629
4.95979 8.22175 0.411501
4.94953 8.22965 0.41153
4.93812 8.23798 0.411609
4.92555 8.24645 0.411821
4.91183 8.2553 0.412066
4.89698 8.26424 0.412336
4.88101 8.27329 0.412429
4.86391 8.28197 0.411633
4.84571 8.28829 0.41071
4.82641 8.29322 0.40954
4.80603 8.29604 0.408785
4.78456 8.29804 0.408285
4.76203 8.30005 0.407845
4.73845 8.30229 0.407361
4.71382 8.30428 0.406961
4.68816 8.30627 0.406613
4.66149 8.30839 0.406263
4.6338 8.31042 0.405989
4.60512 8.31264 0.405628
4.57547 8.31425 0.405395
4.54484 8.3159 0.405152
4.51326 8.31732 0.404979
4.48074 8.31883 0.404744
4.44729 8.31982 0.40461
4.41293 8.32084 0.404459
4.37768 8.32163 0.404327

