$DVPDL,79393000,100000,-0.002091,-0.004894,0.013268,0.002,0.008,0.000,100*6E
$DVPDL,79493000,100000,0.000958,-0.007884,0.013651,0.003,0.006,0.002,100*4B
$DVPDL,79593000,100000,-0.003746,0.004779,-0.006606,0.008,0.006,0.003,100*67
$DVPDL,79693000,100000,-0.004020,0.003752,-0.010823,0.007,0.007,0.001,100*68
$DVPDL,79793000,100000,-0.000382,-0.011480,-0.003186,0.007,0.008,0.001,100*4F
$DVPDL,79893000,100000,0.000339,-0.008683,0.000449,0.008,0.006,-0.000,100*61
$DVPDL,79993000,100000,0.000389,0.005515,-0.005392,0.005,0.005,0.001,100*4C
$DVPDL,80093000,100000,0.002557,-0.000980,-0.010225,0.003,0.006,0.001,100*60
$DVPDL,80193000,100000,0.001068,-0.000792,-0.007491,0.003,0.006,-0.002,100*47
$DVPDL,80293000,100000,0.001188,-0.001157,-0.000380,0.002,-0.027,0.014,100*40
$DVPDL,80393000,100000,0.000060,-0.004528,0.000405,-0.002,-0.024,0.007,100*45
$DVPDL,80493000,100000,0.000063,0.000114,0.000273,0.004,-0.025,0.002,100*4B
$DVPDL,80593000,100000,0.000619,0.005027,0.000263,0.004,-0.024,0.003,100*44
$DVPDL,80693000,100000,0.000050,0.002482,0.001382,0.007,-0.021,0.002,100*48
$DVPDL,80793000,100000,-0.001585,-0.000590,0.003400,0.001,-0.021,0.003,100*4D
$DVPDL,80893000,100000,-0.001227,0.000355,0.004215,0.000,-0.024,0.003,100*6E
$DVPDL,80993000,100000,0.001603,0.001278,0.005220,-0.000,-0.021,0.002,100*61
$DVPDL,81093000,100000,0.001106,-0.001088,0.000766,-0.005,-0.019,0.000,100*45
$DVPDL,81193000,100000,0.002468,-0.006739,0.000562,-0.005,-0.018,0.000,100*47
$DVPDL,81293000,100000,0.001667,-0.000788,0.006944,-0.005,-0.015,0.001,100*44
$DVPDL,81393000,100000,-0.001715,0.007126,-0.006930,-0.005,-0.017,0.003,100*6A
$DVPDL,81493000,100000,-0.000650,-0.000234,-0.004825,-0.007,-0.011,0.000,100*46
$DVPDL,81593000,100000,-0.001178,-0.006994,0.002586,-0.010,-0.010,0.002,100*66
$DVPDL,81693000,100000,-0.002477,0.001110,0.012037,-0.006,-0.009,-0.001,100*6D
$DVPDL,81793000,100000,0.000229,-0.000993,0.002755,-0.005,-0.009,-0.002,100*63
$DVPDL,81893000,100000,0.003243,-0.001349,-0.002399,-0.004,-0.008,-0.001,100*45
$DVPDL,81993000,100000,0.000745,0.002659,-0.003842,-0.006,-0.005,-0.001,100*6D
$DVPDL,82093000,100000,-0.000218,0.000653,-0.000290,0.005,-0.003,-0.006,100*66
$DVPDL,82193000,100000,0.000124,-0.002567,0.003592,0.003,-0.002,-0.003,100*44
$DVPDL,82293000,100000,0.000108,-0.000870,0.000399,0.003,0.003,-0.005,100*64
$DVPDL,82393000,100000,-0.000555,0.001553,0.000835,0.002,0.002,-0.003,100*6F
$DVPDL,82493000,100000,-0.001938,-0.002149,0.000252,0.003,0.002,-0.002,100*44
$DVPDL,82593000,100000,-0.009887,-0.010449,0.007046,0.004,0.002,-0.000,100*4B
$DVPDL,82693000,100000,-0.005584,-0.018066,0.025001,0.006,0.004,-0.000,100*4C
$DVPDL,82793000,100000,-0.000037,-0.003878,0.017743,0.002,0.003,0.001,100*67
$DVPDL,82893000,100000,0.008393,0.011011,-0.008542,0.007,0.004,-0.003,100*64
$DVPDL,82993000,100000,0.003423,0.013927,-0.019640,0.007,0.003,-0.000,100*69
$DVPDL,83093000,100000,-0.006116,0.005015,-0.013088,0.005,0.003,0.000,100*62
$DVPDL,83193000,100000,-0.007714,-0.001726,0.007381,0.004,0.005,0.001,100*6C
$DVPDL,83293000,100000,-0.002027,-0.008476,0.014209,0.001,0.006,0.002,100*64
$DVPDL,83393000,100000,-0.001030,-0.002767,0.007538,0.001,0.006,0.001,100*6D
$DVPDL,83493000,100000,0.001074,0.010289,-0.006146,0.003,0.005,-0.000,100*60
$DVPDL,83593000,100000,-0.012050,0.016635,-0.011205,0.005,0.007,-0.003,100*48
$DVPDL,83693000,100000,0.008577,0.008585,0.011753,0.004,0.006,-0.001,100*43
$DVPDL,83793000,100000,0.008543,-0.002253,0.012892,-0.001,0.004,0.000,100*69
$DVPDL,83893000,100000,0.000741,-0.003952,0.005140,-0.001,0.006,-0.000,100*4A
$DVPDL,83993000,100000,0.000713,-0.003486,-0.000606,-0.002,0.004,-0.001,100*65
$DVPDL,84093000,100000,0.002474,-0.000618,-0.005707,0.001,0.005,0.001,100*6A
$DVPDL,84193000,100000,-0.001157,0.004070,-0.007831,0.001,0.006,-0.001,100*46
$DVPDL,84293000,100000,-0.004330,-0.002090,-0.006439,-0.001,0.002,0.002,100*64
$DVPDL,84393000,100000,0.000272,-0.006244,-0.006624,0.001,0.003,0.000,100*64
$DVPDL,84493000,100000,0.011703,0.002686,-0.005431,0.009,-0.003,-0.004,100*4A
$DVPDL,84593000,100000,0.003603,0.014566,0.000756,0.006,-0.002,-0.003,100*60
$DVPDL,84693000,100000,0.000534,-0.000325,-0.008555,0.008,-0.002,-0.002,100*65
$DVPDL,84793000,100000,-0.003636,-0.002671,-0.000805,0.007,-0.001,-0.002,100*41
$DVPDL,84893000,100000,0.000475,0.000282,0.006683,0.005,0.002,-0.002,100*45
$DVPDL,84993000,100000,-0.002859,-0.002777,-0.000220,-0.000,0.002,0.002,100*6A
$DVPDL,85093000,100000,-0.002714,-0.003325,-0.005169,-0.002,0.002,-0.000,100*40
$DVPDL,85193000,100000,-0.000246,0.001096,0.000076,-0.004,0.001,-0.001,100*46
$DVPDL,85293000,100000,0.002480,-0.001310,-0.000159,-0.001,-0.003,-0.000,100*4C
$DVPDL,85393000,100000,0.001666,0.000212,-0.004100,-0.002,0.001,-0.001,100*4E
$DVPDL,85493000,100000,-0.001922,0.001999,-0.002838,-0.002,-0.000,-0.001,100*4A
$DVPDL,85593000,100000,0.001445,0.003888,-0.001058,-0.002,-0.004,0.001,100*4D
$DVPDL,85693000,100000,-0.000716,0.001440,-0.007869,0.006,-0.003,0.007,100*49
$DVPDL,85793000,100000,-0.000437,-0.003383,0.002616,0.004,-0.002,0.003,100*46
$DVPDL,85893000,100000,-0.000034,-0.002073,0.002880,0.005,-0.001,0.002,100*41
$DVPDL,85993000,100000,-0.000546,0.001093,-0.000423,0.005,-0.002,0.002,100*49
$DVPDL,86093000,100000,0.000145,0.000468,-0.003720,0.005,0.003,-0.001,100*69
$DVPDL,86193000,100000,-0.000175,0.004252,-0.005937,0.002,0.003,-0.002,100*47
$DVPDL,86293000,100000,-0.002669,0.001349,0.002711,0.002,0.004,0.001,100*4B
$DVPDL,86393000,100000,0.001250,-0.005587,0.010490,0.003,0.002,0.001,100*49
$DVPDL,86493000,100000,0.002861,-0.002374,-0.001437,0.002,-0.005,0.006,100*44
$DVPDL,86593000,100000,0.001160,0.006029,-0.006462,0.003,-0.006,0.005,100*6A
$DVPDL,86693000,100000,-0.001544,-0.002212,0.000365,0.003,-0.003,0.000,100*4E
$DVPDL,86793000,100000,0.001207,-0.005646,0.005449,0.001,-0.006,-0.001,100*47
$DVPDL,86893000,100000,-0.001516,0.001600,-0.000356,0.001,-0.006,0.001,100*45
$DVPDL,86993000,100000,0.000186,-0.001676,-0.001765,-0.001,-0.005,-0.000,100*4E
$DVPDL,87093000,100000,0.005521,-0.004235,0.000257,-0.004,0.002,-0.005,100*4E
$DVPDL,87193000,100000,-0.000242,0.000180,-0.002468,-0.004,-0.002,-0.001,100*4D
$DVPDL,87293000,100000,-0.002056,-0.003036,-0.003346,-0.003,-0.001,-0.001,100*67
$DVPDL,87393000,100000,0.001875,-0.003104,0.001858,-0.005,0.000,-0.001,100*40
$DVPDL,87493000,100000,-0.004243,-0.001812,-0.000528,-0.009,0.001,0.002,100*69
$DVPDL,87593000,100000,-0.001449,-0.001122,-0.002478,-0.013,-0.001,0.001,100*48
$DVPDL,87693000,100000,0.001249,0.003652,-0.010850,-0.011,-0.005,0.001,100*4C
$DVPDL,87793000,100000,0.001846,0.004581,-0.002813,-0.013,-0.003,0.002,100*41
$DVPDL,87893000,100000,0.001289,-0.006473,0.002066,-0.011,-0.003,0.001,100*42
$DVPDL,87993000,100000,-0.002803,-0.002223,0.005696,-0.006,-0.001,-0.002,100*46
$DVPDL,88093000,100000,-0.001825,0.000079,0.003116,-0.003,-0.002,-0.002,100*6A
$DVPDL,88193000,100000,-0.001234,-0.003544,0.002223,-0.004,-0.001,0.000,100*6B
$DVPDL,88293000,100000,-0.002446,-0.001911,0.003584,-0.004,0.001,-0.001,100*6C
$DVPDL,88393000,100000,-0.000667,-0.000817,0.002186,-0.001,0.001,-0.001,100*6A
$DVPDL,88493000,100000,0.001305,-0.001096,-0.004261,-0.001,0.000,0.000,100*4C
$DVPDL,88593000,100000,0.003286,0.003280,-0.003263,-0.010,0.001,0.002,100*69
$DVPDL,88693000,100000,0.001840,0.001012,-0.003140,-0.005,0.000,-0.003,100*48
$DVPDL,88793000,100000,0.002403,0.001083,0.003759,-0.001,0.002,-0.005,100*6A
$DVPDL,88893000,100000,0.001011,0.001073,0.002631,0.006,0.001,-0.000,100*4C
$DVPDL,88993000,100000,0.000173,-0.000632,0.004658,0.004,0.001,0.001,100*41
$DVPDL,89093000,100000,-0.000155,-0.002283,0.003693,0.004,-0.001,0.002,100*42
$DVPDL,89193000,100000,-0.000347,0.000557,0.003206,0.004,0.001,0.001,100*45
$DVPDL,89293000,100000,0.000849,0.004197,0.016015,0.010,0.001,0.001,100*63
$DVPDL,89393000,100000,-0.001165,-0.004393,0.012171,0.008,-0.001,0.001,100*41
$DVPDL,89493000,100000,-0.000861,-0.005269,0.003074,0.006,-0.001,0.002,100*46
$DVPDL,89593000,100000,0.001849,0.000890,-0.001667,0.007,-0.000,-0.002,100*43
$DVPDL,89693000,100000,0.002584,0.000677,-0.000222,0.004,0.004,-0.005,100*61
$DVPDL,89793000,100000,-0.001704,-0.004056,0.005542,0.001,0.005,-0.004,100*44
$DVPDL,89893000,100000,0.000092,-0.006889,0.009403,0.002,0.004,-0.004,100*6D
$DVPDL,89993000,100000,0.000915,-0.002678,0.002243,0.003,0.005,-0.003,100*60
$DVPDL,90093000,100000,0.003352,-0.000218,-0.001634,0.001,0.004,-0.001,100*40
$DVPDL,90193000,100000,0.002113,-0.000141,-0.004006,-0.003,0.003,-0.001,100*62
$DVPDL,90293000,100000,-0.001353,-0.000615,-0.004497,-0.005,0.003,0.000,100*69
$DVPDL,90393000,100000,0.000071,-0.001149,0.000124,-0.004,0.003,0.000,100*6D
$DVPDL,90493000,100000,-0.000971,-0.000005,0.000861,-0.003,0.001,-0.000,100*66
$DVPDL,90593000,100000,-0.008376,-0.003094,-0.000840,-0.005,-0.001,0.000,100*41
$DVPDL,90693000,100000,-0.003515,-0.015623,-0.000670,-0.003,0.000,-0.001,100*4C
$DVPDL,90793000,100000,0.002322,-0.017735,-0.025865,-0.004,-0.001,-0.001,100*41
$DVPDL,90893000,100000,0.031083,-0.007214,-0.031707,-0.006,-0.001,0.001,100*60
$DVPDL,90993000,100000,0.002510,0.005429,-0.005268,-0.002,0.001,-0.000,100*47
$DVPDL,91093000,100000,-0.005069,-0.008230,0.009281,0.001,-0.000,0.005,100*4C
$DVPDL,91193000,100000,-0.012005,-0.006956,-0.011961,0.004,0.002,0.002,100*48
$DVPDL,91293000,100000,0.000684,-0.001453,-0.002995,0.006,0.003,0.001,100*6C
$DVPDL,91393000,100000,0.006338,0.007149,-0.013663,0.012,-0.001,0.002,100*63
$DVPDL,91493000,100000,0.007596,0.002235,-0.011639,0.013,-0.003,0.004,100*62
$DVPDL,91593000,100000,0.007341,0.001936,-0.028877,0.016,-0.009,0.003,100*62
$DVPDL,91693000,100000,-0.005423,0.004786,-0.035980,0.019,-0.008,0.001,100*44
$DVPDL,91793000,100000,-0.006664,0.004228,-0.038876,0.021,-0.007,-0.000,100*6B
$DVPDL,91893000,100000,-0.001911,-0.000514,-0.040346,0.024,-0.005,0.003,100*61
$DVPDL,91993000,100000,-0.006022,0.008233,-0.020138,0.020,-0.010,0.003,100*44
$DVPDL,92093000,100000,-0.019677,0.017422,0.003516,0.022,-0.005,0.001,100*6E
$DVPDL,92193000,100000,-0.012620,0.025338,0.031846,0.022,-0.004,-0.000,100*4F
$DVPDL,92293000,100000,-0.009544,0.026484,0.037092,0.026,-0.001,-0.001,100*43
$DVPDL,92393000,100000,-0.016110,0.018215,0.014873,0.026,0.003,-0.005,100*67
$DVPDL,92493000,100000,-0.008266,0.008952,-0.008701,0.029,0.003,-0.004,100*40
$DVPDL,92593000,100000,-0.005706,0.006518,-0.011034,0.028,0.003,-0.002,100*4D
$DVPDL,92693000,100000,-0.019446,0.004575,-0.005833,0.026,0.004,-0.001,100*4D
$DVPDL,92793000,100000,-0.016044,0.011029,0.006521,0.027,0.003,0.003,100*44
$DVPDL,92893000,100000,-0.001276,-0.005790,0.007936,0.025,0.000,0.004,100*6E
$DVPDL,92993000,100000,0.020691,-0.010914,0.021924,0.023,0.002,0.004,100*49
$DVPDL,93093000,100000,0.017988,-0.020449,0.027807,0.020,0.002,0.004,100*41
$DVPDL,93193000,100000,0.014565,-0.015053,0.018302,0.017,0.003,0.003,100*45
$DVPDL,93293000,100000,0.009977,0.001418,-0.001267,0.017,0.002,0.004,100*47
$DVPDL,93393000,100000,-0.010514,-0.003702,0.001770,0.013,0.001,0.005,100*65
$DVPDL,93493000,100000,-0.012774,-0.016004,0.013549,0.012,0.002,0.004,100*69
$DVPDL,93593000,100000,-0.006305,-0.002210,0.020872,0.008,0.001,0.004,100*60
$DVPDL,93693000,100000,0.004435,-0.002414,0.015258,0.006,0.002,0.004,100*43
$DVPDL,93793000,100000,0.010691,-0.014561,0.014340,0.002,0.002,0.003,100*45
$DVPDL,93893000,100000,0.006574,-0.007585,-0.005021,0.002,0.002,0.002,100*65
$DVPDL,93993000,100000,0.006406,0.000214,0.004885,0.002,0.002,-0.002,100*42
$DVPDL,94093000,100000,0.000496,0.000198,0.004426,0.007,0.000,0.001,100*68
$DVPDL,94193000,100000,-0.000186,0.005247,0.011406,0.004,0.001,-0.001,100*6D
$DVPDL,94293000,100000,-0.004354,0.011897,0.010880,0.002,0.001,-0.003,100*62
$DVPDL,94393000,100000,-0.001828,0.034752,-0.001769,0.002,-0.000,-0.007,100*6A
$DVPDL,94493000,100000,-0.010683,0.060258,-0.016499,0.000,-0.001,-0.008,100*6A
$DVPDL,94593000,100000,-0.019975,0.036201,-0.010023,-0.000,-0.006,-0.003,100*49
$DVPDL,94693000,100000,-0.022273,-0.004599,-0.002708,-0.004,0.001,-0.004,100*41
$DVPDL,94793000,100000,-0.023662,-0.021315,-0.036288,-0.009,0.000,-0.004,100*46
$DVPDL,94893000,100000,-0.008654,-0.030557,-0.037338,-0.013,0.001,-0.004,100*44
$DVPDL,94993000,100000,-0.003045,-0.018973,0.002469,-0.014,0.003,-0.003,100*62
$DVPDL,95093000,100000,-0.006305,-0.018306,0.017788,-0.014,0.005,0.000,100*40
$DVPDL,95193000,100000,0.002253,-0.033387,0.014221,-0.015,0.011,-0.001,100*47
$DVPDL,95293000,100000,0.008774,-0.032081,0.001316,-0.018,0.010,-0.001,100*47
$DVPDL,95393000,100000,0.001746,-0.015516,0.002368,-0.020,0.008,-0.001,100*48
$DVPDL,95493000,100000,-0.006418,-0.010414,0.011458,-0.022,0.009,-0.001,100*6E
$DVPDL,95593000,100000,0.001993,-0.006091,0.021068,-0.023,0.007,-0.001,100*4E
$DVPDL,95693000,100000,0.008577,-0.003916,0.014241,-0.025,0.006,-0.001,100*49
$DVPDL,95793000,100000,-0.003874,-0.004939,0.001301,-0.028,0.006,-0.002,100*65
$DVPDL,95893000,100000,0.002395,-0.010105,0.018157,-0.026,0.006,-0.000,100*45
$DVPDL,95993000,100000,0.008211,-0.013870,0.005504,-0.027,0.005,0.001,100*6B
$DVPDL,96093000,100000,0.011712,-0.015583,-0.003478,-0.027,0.004,0.002,100*4B
$DVPDL,96193000,100000,0.006830,-0.007030,-0.004874,-0.028,0.003,0.002,100*42
$DVPDL,96293000,100000,0.001065,-0.002886,-0.015459,-0.027,0.003,0.001,100*41
$DVPDL,96393000,100000,0.010214,0.001848,-0.015210,-0.028,-0.003,0.001,100*41
$DVPDL,96493000,100000,0.011140,0.008496,-0.003742,-0.022,-0.003,-0.000,100*60
$DVPDL,96593000,100000,0.012978,0.011201,0.002306,-0.024,-0.005,0.000,100*64
$DVPDL,96693000,100000,0.000791,-0.002036,-0.017477,-0.021,-0.006,0.000,100*6A
$DVPDL,96793000,100000,0.001154,-0.007104,-0.003711,-0.016,-0.007,-0.001,100*4F
$DVPDL,96893000,100000,0.002891,-0.004020,0.005440,-0.015,-0.004,-0.000,100*6A
$DVPDL,96993000,100000,0.003074,0.004665,0.006924,-0.014,-0.005,-0.000,100*4F
$DVPDL,97093000,100000,-0.001223,0.010188,0.004423,-0.012,-0.001,0.001,100*4F
$DVPDL,97193000,100000,-0.002020,0.006412,0.001526,-0.007,-0.000,-0.002,100*67
$DVPDL,97293000,100000,0.001968,0.002323,0.000843,-0.005,0.001,-0.002,100*6F
$DVPDL,97393000,100000,0.000898,0.003148,-0.003045,-0.004,0.002,-0.002,100*4D
$DVPDL,97493000,100000,0.000522,0.002072,-0.004084,-0.006,0.002,0.002,100*6A
$DVPDL,97593000,100000,0.003541,0.001513,-0.008648,-0.004,0.002,0.001,100*67
$DVPDL,97693000,100000,-0.001853,0.001492,-0.003579,-0.001,0.003,-0.000,100*6F
$DVPDL,97793000,100000,-0.000321,-0.004789,0.003258,-0.001,0.005,0.001,100*43
$DVPDL,97893000,100000,0.002834,-0.008710,0.007715,-0.009,0.004,0.005,100*65
$DVPDL,97993000,100000,0.002374,-0.012248,0.012921,-0.006,0.006,0.003,100*6E
$DVPDL,98093000,100000,0.001596,-0.015650,0.007366,-0.003,0.007,0.002,100*63
$DVPDL,98193000,100000,0.013439,-0.004074,-0.005303,0.001,0.006,0.001,100*64
$DVPDL,98293000,100000,0.012364,-0.015655,-0.001314,0.007,0.003,0.000,100*6C
$DVPDL,98393000,100000,0.011858,-0.017290,0.010802,0.010,0.001,0.002,100*42
$DVPDL,98493000,100000,0.015603,-0.004855,0.011592,0.014,-0.001,0.000,100*6E
$DVPDL,98593000,100000,0.006953,0.010437,-0.006448,0.017,-0.003,0.003,100*68
$DVPDL,98693000,100000,0.010980,0.010853,-0.018917,0.020,0.003,0.001,100*4F
$DVPDL,98793000,100000,-0.004656,-0.003540,-0.005831,0.020,-0.002,0.006,100*60
$DVPDL,98893000,100000,-0.007889,0.001666,-0.000607,0.024,-0.003,0.001,100*44
$DVPDL,98993000,100000,0.004043,0.013709,-0.009070,0.033,-0.002,-0.004,100*4E
$DVPDL,99093000,100000,0.003575,0.021515,-0.031088,0.034,-0.001,-0.006,100*45
$DVPDL,99193000,100000,-0.007953,0.022987,-0.051437,0.034,-0.000,-0.004,100*64
$DVPDL,99293000,100000,-0.013054,0.017040,-0.048806,0.036,-0.000,-0.003,100*6B
$DVPDL,99393000,100000,-0.015705,0.001316,-0.035587,0.038,0.002,-0.005,100*41
$DVPDL,99493000,100000,-0.012945,0.002789,-0.026458,0.041,0.005,-0.006,100*41
$DVPDL,99593000,100000,0.012180,0.008835,0.007907,0.040,0.007,-0.009,100*4B
$DVPDL,99693000,100000,0.007439,0.013086,0.047064,0.039,0.006,-0.006,100*49
$DVPDL,99793000,100000,-0.019575,0.015052,0.062566,0.037,0.006,-0.004,100*60
$DVPDL,99893000,100000,-0.008766,0.031372,0.067662,0.032,0.005,-0.003,100*6B
$DVPDL,99993000,100000,-0.013354,0.029628,-0.000094,0.024,0.002,-0.004,100*42
$DVPDL,100093000,100000,-0.028996,0.028217,-0.043112,0.020,0.003,-0.005,100*73
$DVPDL,100193000,100000,-0.030590,0.024948,-0.046999,0.015,0.003,-0.004,100*75
$DVPDL,100293000,100000,-0.021166,0.013248,-0.032457,0.013,0.003,-0.002,100*78
$DVPDL,100393000,100000,0.001016,-0.006407,-0.015885,0.008,0.000,0.000,100*54
$DVPDL,100493000,100000,0.015193,-0.021773,0.004246,0.007,-0.000,0.002,100*57
$DVPDL,100593000,100000,0.019020,-0.015106,0.020058,0.006,-0.000,0.004,100*5C
$DVPDL,100693000,100000,-0.001732,0.003545,-0.006041,0.006,0.000,0.003,100*5D
$DVPDL,100793000,100000,-0.005288,0.004706,-0.002173,0.002,-0.004,0.000,100*74
$DVPDL,100893000,100000,0.004524,-0.006096,0.005406,0.001,-0.002,0.001,100*5E
$DVPDL,100993000,100000,0.009741,-0.004491,0.012291,-0.000,0.001,0.000,100*5F
$DVPDL,101093000,100000,0.008827,-0.005069,0.018848,0.001,0.002,-0.000,100*5D
$DVPDL,101193000,100000,0.004937,-0.002987,-0.001782,-0.001,0.002,-0.001,100*5E
$DVPDL,101293000,100000,-0.001428,-0.001701,-0.006388,-0.003,0.002,-0.000,100*7F
$DVPDL,101393000,100000,0.004326,-0.000240,0.006522,-0.004,0.002,-0.000,100*72
$DVPDL,101493000,100000,0.005167,-0.003488,0.011978,-0.004,-0.000,-0.001,100*59
$DVPDL,101593000,100000,0.003236,-0.002371,-0.005872,-0.005,-0.003,-0.001,100*78
$DVPDL,101693000,100000,-0.009385,0.006157,-0.008029,-0.005,-0.003,-0.001,100*71
$DVPDL,101793000,100000,0.000519,0.024087,0.035235,-0.003,-0.003,-0.001,100*71
$DVPDL,101893000,100000,-0.002275,0.016532,0.019581,-0.004,-0.003,-0.001,100*57
$DVPDL,101993000,100000,-0.005145,0.012096,0.003585,-0.008,-0.005,-0.003,100*59
$DVPDL,102093000,100000,-0.002148,0.000945,-0.017594,-0.010,-0.003,-0.006,100*7F
$DVPDL,102193000,100000,-0.014828,-0.005766,-0.012958,-0.015,-0.006,-0.005,100*5B
$DVPDL,102293000,100000,-0.011828,0.002085,0.012060,-0.018,-0.003,-0.005,100*5A
$DVPDL,102393000,100000,-0.016000,0.004010,0.005217,-0.019,-0.004,-0.003,100*50
$DVPDL,102493000,100000,-0.015497,-0.004826,0.001455,-0.018,-0.005,-0.003,100*7A
$DVPDL,102593000,100000,0.002397,-0.006329,0.020701,-0.021,-0.004,-0.004,100*5C
$DVPDL,102693000,100000,0.011506,-0.013287,0.034634,-0.022,-0.002,-0.004,100*55
$DVPDL,102793000,100000,0.012979,-0.005663,0.025362,-0.024,-0.001,-0.005,100*58
$DVPDL,102893000,100000,0.014922,-0.003198,-0.007174,-0.025,-0.002,-0.004,100*71
$DVPDL,102993000,100000,0.008693,-0.020767,-0.017516,-0.027,-0.000,-0.005,100*7F
$DVPDL,103093000,100000,0.012608,-0.028239,0.003925,-0.028,0.000,-0.004,100*7F
$DVPDL,103193000,100000,0.015436,-0.013807,0.050310,-0.025,-0.000,-0.003,100*54
$DVPDL,103293000,100000,0.007096,-0.009442,0.019637,-0.027,-0.001,-0.002,100*53
$DVPDL,103393000,100000,0.006840,-0.016932,0.004641,-0.028,-0.002,-0.003,100*54
$DVPDL,103493000,100000,0.009999,-0.013115,-0.005430,-0.025,-0.004,0.001,100*5D
$DVPDL,103593000,100000,0.014862,0.000433,-0.030825,-0.026,-0.000,-0.000,100*5E
$DVPDL,103693000,100000,0.006577,-0.001183,-0.040957,-0.029,0.000,-0.001,100*55
$DVPDL,103793000,100000,0.004599,0.001815,-0.028630,-0.028,-0.001,0.001,100*7D
$DVPDL,103893000,100000,0.000608,-0.004849,-0.016337,-0.021,0.000,-0.003,100*59
$DVPDL,103993000,100000,0.000718,-0.003016,0.001426,-0.021,-0.002,-0.001,100*5C
$DVPDL,104093000,100000,0.004449,-0.006869,-0.001130,-0.017,-0.000,0.000,100*50
$DVPDL,104193000,100000,-0.000706,-0.001489,-0.012371,-0.012,-0.001,-0.000,100*59
$DVPDL,104293000,100000,0.000789,0.003364,-0.002517,-0.008,-0.001,-0.001,100*56
$DVPDL,104393000,100000,-0.002558,0.005075,-0.008286,-0.006,0.002,-0.000,100*57
$DVPDL,104493000,100000,-0.004132,-0.000907,-0.005888,0.003,0.002,-0.002,100*59
$DVPDL,104593000,100000,-0.002186,-0.003154,0.006675,0.006,0.001,-0.002,100*78
$DVPDL,104693000,100000,-0.001970,-0.004003,0.009268,0.004,0.000,-0.001,100*7A
$DVPDL,104793000,100000,0.000202,-0.001120,-0.003856,0.008,0.001,-0.001,100*71
$DVPDL,104893000,100000,0.002670,0.009396,-0.006160,0.008,0.002,-0.001,100*5D
$DVPDL,104993000,100000,-0.001036,0.006157,-0.004288,0.002,0.000,0.005,100*50
$DVPDL,105093000,100000,-0.004877,-0.004503,-0.000954,-0.001,-0.000,0.005,100*77
$DVPDL,105193000,100000,-0.001005,-0.011701,0.014272,-0.002,0.000,0.005,100*73
$DVPDL,105293000,100000,-0.002489,-0.005034,0.000191,0.000,-0.000,0.002,100*79
$DVPDL,105393000,100000,-0.000271,0.004683,-0.006568,0.005,-0.003,-0.000,100*5D
$DVPDL,105493000,100000,0.002373,-0.000275,-0.005136,0.008,-0.003,-0.001,100*52
$DVPDL,105593000,100000,0.003545,-0.004371,-0.002641,0.007,-0.004,0.001,100*75
$DVPDL,105693000,100000,0.001021,-0.007663,-0.011636,0.006,-0.005,-0.000,100*58
$DVPDL,105793000,100000,-0.002109,-0.004681,-0.000203,0.005,-0.004,-0.001,100*72
$DVPDL,105893000,100000,0.005431,-0.001268,0.007126,0.007,-0.004,-0.002,100*70
$DVPDL,105993000,100000,0.003427,-0.002506,-0.000380,0.006,-0.003,-0.002,100*5E
$DVPDL,106093000,100000,-0.003343,-0.001786,-0.006201,0.007,-0.002,-0.001,100*78
$DVPDL,106193000,100000,-0.003189,0.000561,0.003804,0.009,-0.002,0.000,100*5F
$DVPDL,106293000,100000,-0.000971,-0.006783,0.001312,0.008,-0.003,-0.000,100*56
$DVPDL,106393000,100000,0.000313,-0.001169,0.003245,0.009,-0.004,-0.001,100*77
$DVPDL,106493000,100000,0.005846,0.003538,0.002448,0.007,-0.006,-0.002,100*54
$DVPDL,106593000,100000,0.002255,0.006657,-0.018737,0.007,-0.009,-0.003,100*76
$DVPDL,106693000,100000,0.009361,0.001516,-0.006644,0.008,-0.008,-0.001,100*7F
$DVPDL,106793000,100000,0.015511,-0.014472,-0.000988,0.009,-0.009,-0.002,100*52
$DVPDL,106893000,100000,0.001255,-0.011617,0.019432,0.009,-0.007,-0.000,100*7E
$DVPDL,106993000,100000,-0.003248,-0.008489,0.026093,0.012,-0.009,0.001,100*7A
$DVPDL,107093000,100000,0.006509,-0.000834,0.020185,0.015,-0.010,0.001,100*55
$DVPDL,107193000,100000,0.010277,0.009171,-0.011823,0.019,-0.009,0.004,100*5A
$DVPDL,107293000,100000,0.006685,0.003416,-0.015015,0.023,-0.008,0.003,100*5F
$DVPDL,107393000,100000,0.005056,0.007627,-0.009246,0.023,-0.006,0.001,100*54
$DVPDL,107493000,100000,0.001591,0.017166,-0.001911,0.027,-0.003,-0.000,100*76
$DVPDL,107593000,100000,-0.003419,0.021323,-0.022280,0.032,0.001,-0.002,100*74
$DVPDL,107693000,100000,-0.007444,0.028819,-0.044168,0.035,0.009,-0.005,100*7D
$DVPDL,107793000,100000,-0.001487,0.022258,-0.040544,0.034,0.014,-0.005,100*73
$DVPDL,107893000,100000,0.002750,0.010904,0.004679,0.034,0.015,-0.003,100*7F
$DVPDL,107993000,100000,-0.001326,0.003590,0.028500,0.034,0.015,-0.004,100*52
$DVPDL,108093000,100000,-0.010936,0.004445,0.017697,0.036,0.013,-0.001,100*51
$DVPDL,108193000,100000,0.000451,0.011538,0.022389,0.035,0.010,0.001,100*5E
$DVPDL,108293000,100000,-0.008498,0.004801,0.025977,0.035,0.009,0.002,100*79
$DVPDL,108393000,100000,-0.014940,-0.004774,0.023772,0.032,0.010,0.002,100*5F
$DVPDL,108493000,100000,-0.011844,-0.010258,0.031930,0.029,0.009,0.001,100*5C
$DVPDL,108593000,100000,-0.002280,-0.003647,0.014261,0.024,0.010,-0.000,100*74
$DVPDL,108693000,100000,0.003334,-0.002077,-0.000231,0.021,0.009,-0.000,100*71
$DVPDL,108793000,100000,-0.000317,0.004038,-0.005720,0.017,0.005,0.002,100*59
$DVPDL,108893000,100000,-0.003000,-0.015215,-0.026153,0.015,0.000,0.005,100*73
$DVPDL,108993000,100000,0.011508,-0.027360,-0.016397,0.011,-0.001,0.006,100*71
$DVPDL,109093000,100000,0.007915,-0.016240,-0.000902,0.007,-0.000,0.005,100*7B
$DVPDL,109193000,100000,-0.002424,-0.001956,0.009899,0.003,0.001,0.001,100*5C
$DVPDL,109293000,100000,0.000644,0.000873,0.015826,0.001,0.002,0.000,100*57
$DVPDL,109393000,100000,-0.001464,-0.003835,0.004634,-0.004,0.009,-0.007,100*52
$DVPDL,109493000,100000,-0.002892,0.003535,-0.002299,-0.006,0.008,-0.007,100*58
$DVPDL,109593000,100000,-0.000847,0.007224,0.001796,-0.012,0.007,-0.007,100*7E
$DVPDL,109693000,100000,-0.002817,-0.001331,0.000822,-0.013,0.005,-0.004,100*55
$DVPDL,109793000,100000,0.005661,0.003254,0.009219,-0.012,0.005,-0.002,100*50
$DVPDL,109893000,100000,-0.005229,0.002963,-0.013252,-0.012,0.005,-0.001,100*5E
$DVPDL,109993000,100000,-0.000547,0.001715,-0.008008,-0.015,0.004,-0.002,100*5B
$DVPDL,110093000,100000,0.001968,-0.000128,0.000023,-0.015,0.003,-0.001,100*7B
$DVPDL,110193000,100000,0.004259,0.002640,0.003887,-0.017,0.002,-0.000,100*57
$DVPDL,110293000,100000,-0.000619,0.005525,-0.002600,-0.022,0.003,-0.003,100*53
$DVPDL,110393000,100000,-0.000121,0.001152,0.000528,-0.020,0.003,-0.002,100*7B
$DVPDL,110493000,100000,0.000901,-0.002287,-0.004706,-0.017,0.005,-0.003,100*5A
$DVPDL,110593000,100000,-0.000632,0.003246,-0.001367,-0.016,0.005,-0.002,100*5E
$DVPDL,110693000,100000,-0.003856,0.006678,-0.011696,-0.014,0.003,-0.001,100*53
$DVPDL,110793000,100000,-0.001646,0.005316,-0.006406,-0.009,0.003,0.001,100*7D
$DVPDL,110893000,100000,0.007087,-0.001858,0.009686,-0.009,0.003,-0.001,100*7F
$DVPDL,110993000,100000,0.006030,-0.004835,0.015524,-0.008,0.002,-0.002,100*78
$DVPDL,111093000,100000,0.003081,0.005776,0.018463,-0.006,0.004,-0.004,100*5A
$DVPDL,111193000,100000,-0.020421,0.012121,0.001520,-0.008,0.004,-0.006,100*79
$DVPDL,111293000,100000,-0.024156,0.007287,0.012117,-0.011,0.003,-0.005,100*7E
$DVPDL,111393000,100000,-0.014529,-0.006862,0.011839,-0.010,0.005,-0.004,100*5D
$DVPDL,111493000,100000,-0.027681,-0.001323,0.007740,-0.021,0.004,-0.003,100*50
$DVPDL,111593000,100000,-0.016546,-0.008335,0.035308,-0.028,0.006,-0.006,100*52
$DVPDL,111693000,100000,-0.002705,-0.008780,0.015917,-0.027,0.007,-0.003,100*56
$DVPDL,111793000,100000,-0.007762,-0.015872,-0.006645,-0.028,0.006,-0.004,100*73
$DVPDL,111893000,100000,-0.006896,-0.017685,-0.007978,-0.030,0.004,-0.006,100*74
$DVPDL,111993000,100000,-0.009378,-0.006355,0.000148,-0.029,0.004,-0.006,100*50
$DVPDL,112093000,100000,0.000674,0.006758,0.015435,-0.033,0.004,-0.004,100*51
$DVPDL,112193000,100000,0.003875,0.028679,0.006939,-0.034,0.004,-0.006,100*54
$DVPDL,112293000,100000,-0.010145,0.019578,-0.013517,-0.032,0.004,-0.009,100*52
$DVPDL,112393000,100000,0.007426,-0.013088,-0.000248,-0.031,0.003,-0.006,100*51
$DVPDL,112493000,100000,0.015307,-0.019405,0.004036,-0.030,0.005,-0.004,100*7D
$DVPDL,112593000,100000,0.011264,0.000593,0.002727,-0.027,0.004,-0.002,100*57
$DVPDL,112693000,100000,0.000907,0.003161,-0.007947,-0.024,0.000,0.001,100*59
$DVPDL,112793000,100000,-0.001075,0.003488,0.001917,-0.018,0.000,0.000,100*5A
$DVPDL,112893000,100000,0.001195,-0.003722,-0.000262,-0.017,-0.000,0.001,100*5F
$DVPDL,112993000,100000,0.006597,-0.005038,0.012544,-0.011,0.000,-0.003,100*7C
$DVPDL,113093000,100000,0.008896,0.002431,0.006116,-0.008,-0.002,-0.000,100*73
$DVPDL,113193000,100000,-0.000357,0.012511,-0.011145,-0.001,-0.003,-0.003,100*75
$DVPDL,113293000,100000,-0.004017,0.008245,-0.014119,0.004,-0.004,-0.004,100*5C
$DVPDL,113393000,100000,-0.005871,0.010413,-0.017159,0.000,-0.004,-0.000,100*5F
$DVPDL,113493000,100000,0.002158,-0.007502,-0.002269,0.002,-0.004,-0.000,100*5C
$DVPDL,113593000,100000,0.011205,-0.012905,0.012189,0.007,-0.005,-0.002,100*7C
$DVPDL,113693000,100000,0.014067,-0.006844,0.001910,0.006,-0.006,-0.002,100*75
$DVPDL,113793000,100000,0.000224,0.005260,-0.005907,0.011,-0.005,-0.003,100*7D
$DVPDL,113893000,100000,-0.001742,0.013686,-0.009249,0.010,-0.004,-0.003,100*5D
$DVPDL,113993000,100000,-0.004160,0.000486,-0.000709,0.007,-0.012,0.001,100*79
$DVPDL,114093000,100000,0.000610,0.002238,0.006145,0.006,-0.009,0.000,100*70
$DVPDL,114193000,100000,0.002466,0.008026,0.010804,0.005,-0.002,-0.000,100*59
$DVPDL,114293000,100000,-0.000718,0.002017,0.001861,0.006,-0.002,-0.000,100*77
$DVPDL,114393000,100000,-0.000159,0.001779,0.000521,0.006,-0.001,-0.001,100*73
$DVPDL,114493000,100000,0.002618,0.011380,0.000576,0.003,-0.000,-0.000,100*5D
$DVPDL,114593000,100000,0.000819,0.001106,-0.004176,0.001,-0.003,0.002,100*5F
$DVPDL,114693000,100000,-0.000842,-0.009660,-0.000058,0.001,-0.004,0.003,100*52
$DVPDL,114793000,100000,0.000485,-0.003834,0.005205,-0.002,-0.003,0.003,100*77
$DVPDL,114893000,100000,0.003764,-0.000249,0.001970,-0.005,-0.006,0.001,100*79
$DVPDL,114993000,100000,0.001391,-0.002552,-0.002540,-0.005,-0.006,0.003,100*58
$DVPDL,115093000,100000,-0.000247,-0.002807,0.002019,-0.004,-0.009,0.004,100*56
$DVPDL,115193000,100000,0.001692,-0.006161,0.005750,0.000,-0.015,0.006,100*51
$DVPDL,115293000,100000,0.003603,-0.015111,0.006816,0.003,-0.014,0.003,100*54
$DVPDL,115393000,100000,0.002992,-0.005221,0.000721,0.004,-0.012,0.004,100*59
$DVPDL,115493000,100000,0.001903,-0.005171,0.001073,0.005,-0.011,0.001,100*55
$DVPDL,115593000,100000,0.003238,-0.009975,0.015614,0.000,-0.010,0.003,100*51
$DVPDL,115693000,100000,0.002940,-0.000765,0.009113,0.001,-0.009,0.004,100*52
$DVPDL,115793000,100000,0.006441,0.004632,-0.004606,0.004,-0.005,0.005,100*5A
$DVPDL,115893000,100000,0.006444,-0.000366,-0.008703,0.007,-0.003,0.004,100*71
$DVPDL,115993000,100000,0.009668,-0.000649,0.004272,0.012,-0.003,0.005,100*5C
$DVPDL,116093000,100000,0.015435,0.003621,0.003529,0.018,-0.005,0.004,100*72
$DVPDL,116193000,100000,0.013994,0.003772,-0.000793,0.023,-0.005,0.003,100*56
$DVPDL,116293000,100000,0.005363,0.004026,-0.010730,0.024,-0.005,0.001,100*5C
$DVPDL,116393000,100000,-0.009454,0.003994,-0.024501,0.025,-0.007,0.002,100*7F
$DVPDL,116493000,100000,0.000592,-0.003319,-0.016023,0.024,-0.006,0.002,100*71
$DVPDL,116593000,100000,0.014153,-0.017657,-0.004350,0.030,-0.005,0.002,100*74
$DVPDL,116693000,100000,0.011774,-0.018154,-0.015557,0.033,-0.006,0.005,100*7C
$DVPDL,116793000,100000,0.021560,-0.030371,-0.006606,0.034,-0.006,0.005,100*74
$DVPDL,116893000,100000,0.022543,-0.048337,-0.011114,0.037,-0.005,0.003,100*70
$DVPDL,116993000,100000,0.033614,-0.037999,-0.006910,0.037,-0.002,-0.003,100*56
$DVPDL,117093000,100000,0.031858,-0.012722,0.029420,0.039,-0.003,-0.006,100*77
$DVPDL,117193000,100000,-0.005812,-0.001295,0.010753,0.040,-0.003,-0.007,100*5B
$DVPDL,117293000,100000,-0.022193,0.013338,-0.008962,0.038,-0.005,-0.007,100*54
$DVPDL,117393000,100000,-0.026473,0.010991,-0.006654,0.036,-0.005,-0.002,100*5F
$DVPDL,117493000,100000,-0.024691,-0.002509,0.039052,0.032,-0.003,-0.002,100*54
$DVPDL,117593000,100000,-0.033358,0.017612,0.037322,0.028,-0.000,-0.005,100*76
$DVPDL,117693000,100000,-0.055015,0.047016,-0.019300,0.025,0.000,-0.007,100*7B
$DVPDL,117793000,100000,-0.029522,0.043761,-0.048413,0.019,-0.002,-0.006,100*53
$DVPDL,117893000,100000,0.011773,0.004561,-0.015580,0.015,0.001,-0.004,100*5E
$DVPDL,117993000,100000,-0.003951,-0.014125,-0.012600,0.011,-0.005,0.001,100*5E
$DVPDL,118093000,100000,-0.018827,0.007646,-0.010023,0.010,-0.003,0.001,100*7D
$DVPDL,118193000,100000,-0.010169,0.013354,0.005751,0.008,-0.002,0.000,100*56
$DVPDL,118293000,100000,-0.009133,-0.006061,0.003448,0.005,-0.001,0.002,100*7F
$DVPDL,118393000,100000,0.003553,-0.000795,0.000467,0.003,-0.002,-0.001,100*74
$DVPDL,118493000,100000,0.003656,0.004740,0.002971,0.002,-0.001,-0.002,100*5D
$DVPDL,118593000,100000,0.008723,0.006709,0.011918,0.006,-0.001,-0.000,100*50
$DVPDL,118693000,100000,0.005477,-0.006983,-0.005045,0.003,0.003,-0.002,100*7C
$DVPDL,118793000,100000,-0.000584,0.001719,-0.008270,0.002,-0.001,0.000,100*77
$DVPDL,118893000,100000,-0.006865,0.009318,0.002738,-0.001,-0.003,0.000,100*73
$DVPDL,118993000,100000,0.000017,0.002556,0.002066,-0.003,-0.003,-0.004,100*74
$DVPDL,119093000,100000,0.008978,-0.001541,0.005683,-0.003,-0.002,-0.002,100*51
$DVPDL,119193000,100000,0.005420,-0.006482,-0.004091,-0.004,-0.002,-0.002,100*7A
$DVPDL,119293000,100000,0.005659,0.003742,-0.013354,-0.002,0.006,-0.008,100*7B
$DVPDL,119393000,100000,-0.001064,0.011306,0.000010,-0.003,0.004,-0.003,100*78
$DVPDL,119493000,100000,-0.006532,0.005420,-0.006125,-0.002,0.005,-0.001,100*56
$DVPDL,119593000,100000,0.008671,-0.002543,0.002487,-0.001,0.001,0.001,100*50
$DVPDL,119693000,100000,0.010586,-0.006660,0.018121,-0.001,0.001,-0.002,100*7B
$DVPDL,119793000,100000,-0.007191,0.021532,0.017892,-0.004,0.000,-0.007,100*70
$DVPDL,119893000,100000,-0.000619,0.037423,0.055510,-0.006,0.003,-0.012,100*7D
$DVPDL,119993000,100000,0.021509,0.048074,0.032984,-0.007,0.006,-0.009,100*50
$DVPDL,120093000,100000,-0.007287,0.021442,-0.011801,-0.010,0.003,-0.008,100*57
$DVPDL,120193000,100000,-0.033177,0.009527,-0.047724,-0.012,0.004,-0.009,100*5A
$DVPDL,120293000,100000,-0.016133,-0.010335,-0.023265,-0.014,0.004,-0.007,100*74
$DVPDL,120393000,100000,-0.019217,-0.025104,-0.004517,-0.019,0.005,-0.007,100*72
$DVPDL,120493000,100000,-0.010720,-0.017717,-0.004688,-0.021,0.003,-0.006,100*71
$DVPDL,120593000,100000,-0.011754,-0.019931,-0.006015,-0.021,0.004,-0.004,100*73
$DVPDL,120693000,100000,0.010271,-0.015130,0.016647,-0.024,0.004,-0.003,100*74
$DVPDL,120793000,100000,0.037958,-0.008602,0.044800,-0.026,0.005,-0.003,100*73
$DVPDL,120893000,100000,0.019109,0.002310,0.015497,-0.027,0.002,-0.001,100*5F
$DVPDL,120993000,100000,-0.004413,-0.006830,-0.013680,-0.032,0.002,-0.004,100*7F
$DVPDL,121093000,100000,0.007169,-0.042463,0.007021,-0.033,0.003,-0.002,100*78
$DVPDL,121193000,100000,-0.015947,-0.016708,0.016121,-0.031,0.001,0.002,100*70
$DVPDL,121293000,100000,-0.043376,0.024251,0.024214,-0.032,0.001,0.003,100*5B
$DVPDL,121393000,100000,-0.004272,0.018708,0.006202,-0.029,0.002,0.001,100*56
$DVPDL,121493000,100000,0.023387,-0.015994,0.011583,-0.027,0.001,-0.001,100*71
$DVPDL,121593000,100000,0.018997,-0.017515,0.030231,-0.024,0.000,-0.002,100*78
$DVPDL,121693000,100000,0.019674,0.018574,0.006119,-0.019,-0.001,-0.000,100*71
$DVPDL,121793000,100000,0.002017,0.015769,-0.025139,-0.014,-0.001,-0.002,100*5B
$DVPDL,121893000,100000,0.006343,0.001188,-0.021260,-0.011,-0.003,-0.000,100*50
$DVPDL,121993000,100000,0.003688,0.001697,0.000995,-0.004,-0.004,-0.002,100*71
$DVPDL,122093000,100000,0.000482,0.005893,-0.004396,-0.003,-0.002,-0.001,100*5C
$DVPDL,122193000,100000,-0.002148,0.004573,-0.001776,-0.002,-0.000,0.000,100*53
$DVPDL,122293000,100000,-0.004130,-0.000836,0.017029,0.001,0.001,0.000,100*59
$DVPDL,122393000,100000,-0.001149,-0.007370,0.015685,0.003,0.003,-0.000,100*72
$DVPDL,122493000,100000,0.005867,-0.000442,0.012074,0.003,0.003,0.000,100*7A
$DVPDL,122593000,100000,0.002657,0.002219,-0.003541,0.008,0.004,0.002,100*76
$DVPDL,122693000,100000,0.001399,0.002514,0.001710,0.009,0.003,0.001,100*57
$DVPDL,122793000,100000,0.001729,-0.006764,0.004120,0.008,0.003,0.002,100*77
$DVPDL,122893000,100000,0.004713,-0.009121,-0.001101,0.009,0.003,0.000,100*54
$DVPDL,122993000,100000,0.006872,0.000430,-0.006178,0.010,0.003,0.000,100*7F
$DVPDL,123093000,100000,0.007728,0.000945,-0.006340,0.009,0.002,-0.000,100*54
$DVPDL,123193000,100000,0.007930,0.001794,-0.003704,0.009,-0.000,-0.000,100*7F
$DVPDL,123293000,100000,0.001920,-0.000308,-0.005660,0.012,0.001,-0.001,100*74
$DVPDL,123393000,100000,-0.003566,-0.002165,0.003983,0.012,0.002,-0.002,100*76
$DVPDL,123493000,100000,-0.001505,-0.002494,0.000737,0.018,0.003,-0.004,100*72
$DVPDL,123593000,100000,-0.000525,0.005061,-0.003767,0.014,0.002,-0.001,100*77
$DVPDL,123693000,100000,0.000202,0.006518,-0.001921,0.009,-0.000,0.003,100*51
$DVPDL,123793000,100000,0.002880,-0.001143,0.000619,0.019,-0.001,-0.004,100*70
$DVPDL,123893000,100000,0.006116,-0.006453,0.003095,0.021,0.001,0.005,100*75
$DVPDL,123993000,100000,-0.003410,-0.001819,-0.006870,0.017,-0.006,0.010,100*5A
$DVPDL,124093000,100000,-0.009078,-0.001135,-0.000860,0.015,-0.007,0.013,100*54
$DVPDL,124193000,100000,-0.005094,-0.009576,0.016255,0.002,-0.011,0.016,100*72
$DVPDL,124293000,100000,-0.005639,-0.005417,0.005202,-0.004,-0.010,0.019,100*5F
$DVPDL,124393000,100000,-0.013675,0.000827,-0.010604,-0.005,-0.013,0.017,100*51
$DVPDL,124493000,100000,-0.009909,-0.001991,-0.017169,-0.020,-0.014,0.024,100*72
$DVPDL,124593000,100000,-0.016528,-0.001731,-0.012341,-0.019,-0.011,0.022,100*72
$DVPDL,124693000,100000,-0.005450,0.000578,-0.006722,-0.019,-0.010,0.021,100*58
$DVPDL,124793000,100000,-0.006581,0.008463,0.002014,-0.020,-0.006,0.024,100*77
$DVPDL,124893000,100000,-0.010162,-0.003294,-0.009518,-0.022,0.000,0.021,100*5D
$DVPDL,124993000,100000,-0.019286,-0.015546,-0.010273,-0.021,-0.002,0.023,100*7F
$DVPDL,125093000,100000,-0.016441,-0.005794,-0.004986,-0.021,-0.004,0.021,90*41
$DVPDL,125193000,100000,-0.016733,0.002076,-0.019519,-0.021,-0.005,0.018,100*52
$DVPDL,125293000,100000,-0.011584,-0.001404,-0.015555,-0.005,-0.004,0.006,100*7B
$DVPDL,125393000,100000,-0.004481,-0.003010,-0.001563,-0.007,-0.002,0.005,100*7E
$DVPDL,125493000,100000,-0.002011,-0.004891,-0.001398,-0.008,-0.003,0.003,100*7E
$DVPDL,125593000,100000,0.000693,0.000197,-0.002987,-0.007,-0.001,0.002,100*71
$DVPDL,125693000,100000,0.009485,-0.010303,-0.007351,-0.004,0.000,0.001,100*75
$DVPDL,125793000,100000,0.003026,-0.013750,-0.016887,-0.003,0.001,-0.000,100*58
$DVPDL,125893000,100000,-0.010641,-0.039818,-0.029644,-0.002,0.003,-0.003,100*79
$DVPDL,125993000,100000,0.014486,-0.030308,-0.012710,0.001,0.002,-0.006,100*79
$DVPDL,126093000,100000,0.023344,-0.000614,0.004443,0.001,0.003,-0.004,100*59
$DVPDL,126193000,100000,0.009478,0.010906,-0.003767,0.003,0.005,-0.003,100*54
$DVPDL,126293000,100000,-0.014934,0.013660,-0.025564,0.007,0.006,-0.002,100*7C
$DVPDL,126393000,100000,0.002070,0.018077,0.000231,0.010,0.004,-0.003,100*7D
$DVPDL,126493000,100000,0.018612,0.005399,0.009083,0.014,0.002,-0.004,100*7B
$DVPDL,126593000,100000,0.017164,0.004314,-0.006760,0.018,0.008,-0.006,100*5B
$DVPDL,126693000,100000,0.015627,0.004802,-0.019680,0.022,0.007,-0.005,100*52
$DVPDL,126793000,100000,0.012431,-0.006345,-0.017483,0.025,0.006,-0.003,100*79
$DVPDL,126893000,100000,0.009353,-0.012242,-0.024866,0.028,0.008,-0.003,100*78
$DVPDL,126993000,100000,0.002695,0.002600,-0.004009,0.029,0.007,-0.003,100*5E
$DVPDL,127093000,100000,0.006164,0.014112,0.012159,0.030,0.006,-0.003,100*7F
$DVPDL,127193000,100000,0.014410,0.002380,0.019750,0.031,0.006,-0.001,100*72
$DVPDL,127293000,100000,0.008283,-0.018021,-0.010817,0.031,0.006,0.001,100*5B
$DVPDL,127393000,100000,-0.003056,-0.021068,-0.009342,0.032,0.007,0.000,100*71
$DVPDL,127493000,100000,-0.010510,-0.011033,-0.009978,0.032,0.008,-0.001,100*5E
$DVPDL,127593000,100000,-0.015167,0.012215,-0.015333,0.033,0.006,-0.001,100*71
$DVPDL,127693000,100000,-0.010359,0.028109,-0.009096,0.032,0.004,-0.000,100*7C
$DVPDL,127793000,100000,-0.017333,0.018969,-0.013653,0.032,0.003,-0.003,100*7B
$DVPDL,127893000,100000,-0.014404,0.008422,-0.008442,0.031,0.004,-0.004,100*7C
$DVPDL,127993000,100000,0.001187,0.004786,0.017968,0.028,0.005,-0.007,100*77
$DVPDL,128093000,100000,0.020321,0.000292,0.027629,0.025,0.008,-0.007,100*71
$DVPDL,128193000,100000,0.012015,0.009281,0.004524,0.027,0.006,-0.004,100*7E
$DVPDL,128293000,100000,0.001119,0.014364,-0.009982,0.026,0.007,-0.003,100*53
$DVPDL,128393000,100000,0.011245,0.000351,0.014912,0.022,0.006,-0.003,100*77
$DVPDL,128493000,100000,0.001274,-0.019835,0.019736,0.012,0.007,-0.005,100*5E
$DVPDL,128593000,100000,0.004064,-0.011881,0.020980,0.011,0.005,-0.003,100*50
$DVPDL,128693000,100000,0.001040,0.009652,0.005697,0.004,0.004,-0.005,100*79
$DVPDL,128793000,100000,-0.004746,0.014524,-0.010694,0.001,0.002,-0.002,100*71
$DVPDL,128893000,100000,0.007594,0.004230,0.003883,-0.001,0.001,-0.002,100*57
$DVPDL,128993000,100000,0.006840,-0.001839,0.007512,-0.004,-0.000,-0.001,100*53
$DVPDL,129093000,100000,-0.000712,-0.000056,0.000441,-0.007,0.001,-0.000,100*56
$DVPDL,129193000,100000,-0.008686,0.003320,-0.000668,-0.005,0.000,-0.000,100*58
$DVPDL,129293000,100000,-0.000079,0.007986,0.007510,-0.007,-0.000,0.001,100*72
$DVPDL,129393000,100000,-0.000902,0.015690,0.009613,-0.015,-0.003,-0.002,100*5D
$DVPDL,129493000,100000,-0.003533,0.021780,0.033610,-0.016,-0.002,-0.003,100*59
$DVPDL,129593000,100000,0.001633,0.018179,0.005078,-0.017,-0.005,-0.006,100*70
$DVPDL,129693000,100000,0.001880,0.017368,-0.036556,-0.011,-0.004,-0.008,100*55
$DVPDL,129793000,100000,-0.009476,-0.002632,-0.029187,-0.006,-0.003,-0.009,100*51
$DVPDL,129893000,100000,-0.003664,-0.017768,0.009623,-0.012,-0.004,-0.006,100*74
$DVPDL,129993000,100000,0.013602,0.004373,0.027951,-0.018,-0.004,-0.007,100*75
$DVPDL,130093000,100000,-0.004070,0.013169,0.010264,-0.024,-0.006,-0.005,100*55
$DVPDL,130193000,100000,-0.000871,0.000716,0.000108,-0.023,-0.005,-0.005,100*59
$DVPDL,130293000,100000,-0.000286,-0.009070,0.009749,-0.025,-0.006,-0.002,100*73
$DVPDL,130393000,100000,-0.001105,-0.016328,0.004945,-0.028,-0.007,-0.003,100*79
$DVPDL,130493000,100000,0.010992,-0.020121,0.016021,-0.029,-0.008,-0.003,90*65
$DVPDL,130593000,100000,0.009509,-0.019883,0.013326,-0.032,-0.009,-0.001,100*59
$DVPDL,130693000,100000,0.000568,-0.006127,-0.006791,-0.033,-0.008,0.001,100*51
$DVPDL,130793000,100000,0.005374,0.007176,-0.014782,-0.036,-0.010,-0.000,100*57
$DVPDL,130893000,100000,0.009477,0.009648,-0.020863,-0.037,-0.010,0.001,100*7E
$DVPDL,130993000,100000,-0.011107,0.009496,-0.006262,-0.035,-0.011,0.003,100*56
$DVPDL,131093000,100000,-0.006940,-0.000269,0.011322,-0.036,-0.010,0.005,90*63
$DVPDL,131193000,100000,0.001890,-0.024679,0.014058,-0.026,-0.005,-0.001,100*58
$DVPDL,131293000,100000,0.002195,-0.028591,0.016396,-0.025,-0.005,0.003,100*72
$DVPDL,131393000,100000,-0.008176,-0.011924,0.003823,-0.026,-0.004,0.004,100*55
$DVPDL,131493000,100000,0.000816,0.010272,-0.003408,-0.021,-0.003,0.002,100*72
$DVPDL,131593000,100000,0.007138,0.005223,-0.023325,-0.024,-0.000,0.006,100*79
$DVPDL,131693000,100000,0.005949,-0.011986,-0.015275,-0.023,0.001,0.004,100*72
$DVPDL,131793000,100000,0.002697,-0.018706,-0.001384,-0.019,0.002,0.004,100*77
$DVPDL,131893000,100000,0.002323,-0.007988,-0.000957,-0.018,0.003,0.004,100*71
$DVPDL,131993000,100000,0.003679,0.003081,0.001151,-0.017,0.002,0.003,100*79
$DVPDL,132093000,100000,0.006614,0.004891,0.001933,-0.018,0.001,0.003,100*73
$DVPDL,132193000,100000,0.005676,0.002370,-0.008527,-0.017,-0.000,0.003,100*79
$DVPDL,132293000,100000,0.002253,-0.001779,-0.004519,-0.013,0.003,-0.001,100*59
$DVPDL,132393000,100000,-0.001071,0.000759,0.011872,-0.010,0.006,-0.000,100*74
$DVPDL,132493000,100000,0.004304,-0.002837,0.000347,-0.006,0.006,0.000,100*55
$DVPDL,132593000,100000,0.006472,0.005548,-0.005602,-0.003,0.007,-0.002,100*78
$DVPDL,132693000,100000,0.005013,0.003669,-0.002364,-0.016,0.006,0.004,100*51
$DVPDL,132793000,100000,0.000140,-0.002848,-0.007754,-0.002,0.004,-0.001,100*5E
$DVPDL,132893000,100000,-0.005358,-0.001342,0.002916,-0.003,0.006,-0.002,100*50
$DVPDL,132993000,100000,0.000643,-0.002424,0.007475,-0.008,0.006,0.001,100*5A
$DVPDL,133093000,100000,0.001823,0.001853,-0.003219,-0.007,0.004,0.001,100*51
$DVPDL,133193000,100000,0.000475,0.005121,-0.005102,-0.006,0.003,0.003,100*5D
$DVPDL,133293000,100000,0.000410,-0.000485,0.001358,-0.006,0.004,0.002,100*5C
$DVPDL,133393000,100000,-0.001342,-0.005939,0.006927,-0.003,0.006,0.002,100*7C
$DVPDL,133493000,100000,-0.001099,-0.008390,0.006446,0.001,0.000,-0.001,100*77
$DVPDL,133593000,100000,0.000756,-0.003156,0.003701,-0.005,0.002,0.004,100*5B
$DVPDL,133693000,100000,0.004353,-0.001653,0.000358,-0.005,0.001,0.004,100*55
$DVPDL,133793000,100000,-0.000711,0.002134,0.000238,-0.004,0.003,0.001,100*56
$DVPDL,133893000,100000,-0.003494,-0.004022,0.002906,0.000,0.001,-0.001,100*7B
$DVPDL,133993000,100000,0.003279,-0.008108,-0.006924,0.003,0.001,-0.000,100*7C
$DVPDL,134093000,100000,0.008064,-0.006153,0.008592,0.007,0.001,0.001,100*7D
$DVPDL,134193000,100000,-0.003037,0.000730,-0.000479,0.007,0.002,0.000,100*57
$DVPDL,134293000,100000,-0.006451,0.002384,0.003256,0.017,0.002,0.002,100*7A
$DVPDL,134393000,100000,-0.000539,0.001163,0.004333,0.020,0.004,0.002,100*7D
$DVPDL,134493000,100000,0.011730,0.005758,-0.004359,0.020,0.001,0.002,100*72
$DVPDL,134593000,100000,-0.004890,0.014679,-0.009319,0.023,-0.006,0.005,100*7A
$DVPDL,134693000,100000,-0.005970,0.012844,-0.000570,0.025,-0.005,0.001,100*70
$DVPDL,134793000,100000,0.014261,0.006457,0.003116,0.033,-0.006,-0.001,100*5F
$DVPDL,134893000,100000,0.004527,-0.001772,-0.005828,0.027,-0.008,-0.001,100*5E
$DVPDL,134993000,100000,-0.003054,0.002806,-0.012648,0.028,-0.008,-0.001,100*57
$DVPDL,135093000,100000,-0.003576,0.007159,-0.020711,0.031,-0.007,-0.001,100*57
$DVPDL,135193000,100000,-0.001481,0.000543,-0.024059,0.031,-0.003,0.001,100*73
$DVPDL,135293000,100000,-0.000950,0.001693,0.010668,0.034,-0.001,-0.000,100*7A
$DVPDL,135393000,100000,-0.003617,0.012468,0.007981,0.039,0.000,0.000,100*72
$DVPDL,135493000,100000,-0.003476,0.013429,0.013665,0.037,-0.002,-0.003,100*7B
$DVPDL,135593000,100000,-0.001975,0.027756,-0.007528,0.042,-0.003,-0.000,100*58
$DVPDL,135693000,100000,-0.011644,0.009629,-0.009741,0.042,-0.004,-0.000,100*56
$DVPDL,135793000,100000,-0.005227,-0.011723,0.007394,0.037,-0.003,0.000,100*7B
$DVPDL,135893000,100000,0.000131,0.004653,0.006616,0.032,0.001,-0.002,100*7C
$DVPDL,135993000,100000,-0.005667,0.016030,-0.022309,0.027,-0.000,-0.001,100*5A
$DVPDL,136093000,100000,-0.010256,-0.007346,-0.040766,0.026,0.002,-0.005,100*5E
$DVPDL,136193000,100000,-0.007108,-0.013497,-0.013128,0.022,0.003,-0.003,100*56
$DVPDL,136293000,100000,0.003378,-0.011428,0.019139,0.020,0.002,-0.001,100*59
$DVPDL,136393000,100000,0.002173,-0.007711,0.024148,0.018,0.002,-0.001,100*5D
$DVPDL,136493000,100000,0.002702,0.001918,0.017781,0.020,0.001,-0.002,100*7E
$DVPDL,136593000,100000,0.004702,0.006222,0.003969,0.017,0.001,-0.002,100*75
$DVPDL,136693000,100000,0.007785,-0.001005,0.009191,0.013,0.008,-0.005,100*58
$DVPDL,136793000,100000,0.004720,-0.012396,0.004292,0.009,0.003,-0.003,100*55
$DVPDL,136893000,100000,0.000562,-0.009504,-0.001231,0.008,0.004,-0.000,100*79
$DVPDL,136993000,100000,-0.006986,-0.001468,0.003704,0.005,0.003,0.001,100*5C
$DVPDL,137093000,100000,-0.005937,0.000000,0.008272,0.004,0.003,0.003,100*77
$DVPDL,137193000,100000,-0.007014,-0.006216,0.009157,0.003,0.002,0.003,100*51
$DVPDL,137293000,100000,0.000565,-0.008350,0.009211,-0.000,0.001,0.004,100*5D
$DVPDL,137393000,100000,-0.000163,-0.002885,0.003495,0.002,-0.001,0.006,100*7A
$DVPDL,137493000,100000,-0.002981,0.002325,-0.009944,0.005,-0.002,0.008,100*7B
$DVPDL,137593000,100000,-0.007162,0.003253,-0.009872,0.005,0.001,0.001,100*58
$DVPDL,137693000,100000,0.002637,0.007797,-0.001346,0.002,-0.000,0.001,100*52
$DVPDL,137793000,100000,0.008549,0.006571,0.009929,0.003,0.001,0.000,100*52
$DVPDL,137893000,100000,0.010496,-0.001155,0.010679,0.003,0.001,0.002,100*7F
$DVPDL,137993000,100000,0.003373,-0.002460,-0.009432,0.001,0.001,-0.001,100*74
$DVPDL,138093000,100000,-0.004716,0.012100,-0.005157,0.001,0.002,-0.003,100*7B
$DVPDL,138193000,100000,-0.000906,0.022111,0.028200,0.001,0.002,-0.004,100*56
$DVPDL,138293000,100000,0.005510,0.021218,-0.016982,-0.001,0.001,-0.004,100*70
$DVPDL,138393000,100000,-0.005400,0.021891,-0.030079,-0.003,0.000,-0.004,100*5D
$DVPDL,138493000,100000,-0.021354,0.029553,-0.012440,-0.007,0.001,-0.004,100*5A
$DVPDL,138593000,100000,-0.019226,0.026241,-0.016962,0.001,-0.001,-0.001,100*55
$DVPDL,138693000,100000,-0.013554,-0.016614,-0.016948,-0.009,-0.004,-0.007,100*5A
$DVPDL,138793000,100000,-0.023973,-0.023918,-0.020159,-0.014,-0.008,-0.005,100*5B
$DVPDL,138893000,100000,-0.010615,-0.006902,-0.026847,-0.017,-0.007,-0.006,100*58
$DVPDL,138993000,100000,-0.001407,-0.006527,-0.010241,-0.020,-0.005,-0.008,100*52
$DVPDL,139093000,100000,-0.001465,-0.009972,0.015082,-0.023,-0.007,-0.004,100*75
$DVPDL,139193000,100000,-0.002665,-0.018939,0.021246,-0.029,-0.006,-0.004,100*7C
$DVPDL,139293000,100000,0.003781,-0.020407,0.018870,-0.027,-0.005,-0.000,100*5F
$DVPDL,139393000,100000,0.000098,-0.010411,-0.011481,-0.039,-0.004,-0.003,100*7D
$DVPDL,139493000,100000,0.003325,0.011803,-0.003826,-0.035,-0.008,-0.002,100*5C
$DVPDL,139593000,100000,0.008273,0.022897,0.007959,-0.035,-0.010,0.001,100*5E
$DVPDL,139693000,100000,-0.000195,-0.000305,0.023650,-0.034,-0.009,0.003,100*55
$DVPDL,139793000,100000,-0.007207,-0.022818,0.017108,-0.034,-0.007,0.003,100*5F
$DVPDL,139893000,100000,0.003706,-0.012528,-0.001456,-0.034,-0.005,-0.000,100*78
$DVPDL,139993000,100000,-0.002715,0.005907,-0.001878,-0.033,-0.008,0.001,100*5B
$DVPDL,140093000,100000,0.000777,0.005377,0.007853,-0.029,-0.002,-0.002,100*77
$DVPDL,140193000,100000,0.006502,0.002971,0.013745,-0.021,-0.001,-0.001,100*7E
$DVPDL,140293000,100000,0.009401,0.005145,-0.011234,-0.022,-0.001,-0.002,100*54
$DVPDL,140393000,100000,-0.000510,0.007592,-0.011417,-0.021,0.001,-0.000,100*57
$DVPDL,140493000,100000,0.005622,-0.003103,-0.011073,-0.018,-0.002,0.002,100*52
$DVPDL,140593000,100000,-0.008591,-0.019073,-0.015931,-0.017,-0.002,0.004,100*77
$DVPDL,140693000,100000,-0.006503,-0.019818,0.006247,-0.017,-0.001,0.005,100*53
$DVPDL,140793000,100000,-0.004806,-0.006268,0.018132,-0.013,0.001,0.002,100*7B
$DVPDL,140893000,100000,0.011936,-0.001536,0.027123,-0.010,0.002,0.001,100*5B
$DVPDL,140993000,100000,0.013789,-0.001857,0.027304,-0.008,-0.000,0.001,100*79
$DVPDL,141093000,100000,0.002208,0.001486,0.011012,-0.010,0.000,0.001,100*75
$DVPDL,141193000,100000,-0.000819,0.012299,-0.001381,-0.007,0.001,-0.001,100*54
$DVPDL,141293000,100000,0.007413,0.013176,-0.001168,-0.008,0.002,-0.005,100*75
$DVPDL,141393000,100000,0.004014,0.003393,-0.008133,-0.007,0.002,-0.004,100*75
$DVPDL,141493000,100000,0.001716,-0.004788,0.008482,0.004,0.003,-0.009,100*56
$DVPDL,141593000,100000,-0.002378,-0.012307,-0.002404,0.005,0.003,-0.005,100*55
$DVPDL,141693000,100000,0.002330,-0.009481,0.010434,0.004,0.000,-0.005,100*5B
$DVPDL,141793000,100000,0.006879,0.008301,0.014438,0.005,0.000,-0.005,100*72
$DVPDL,141893000,100000,-0.008119,0.007080,-0.001759,0.006,-0.001,-0.005,100*56
$DVPDL,141993000,100000,-0.000015,-0.009073,0.004477,0.004,-0.001,-0.003,100*5E
$DVPDL,142093000,100000,0.012680,-0.008721,0.011078,0.005,-0.003,-0.006,100*78
$DVPDL,142193000,100000,0.005224,0.014226,-0.000371,0.008,-0.001,-0.007,100*7E
$DVPDL,142293000,100000,-0.000846,0.000951,-0.001994,0.007,-0.001,-0.004,100*59
$DVPDL,142393000,100000,0.001146,0.000196,0.004312,0.009,-0.001,-0.003,100*5B
$DVPDL,142493000,100000,0.008846,0.023339,0.008547,0.009,-0.002,-0.004,100*54
$DVPDL,142593000,100000,0.012056,0.022769,-0.004703,0.006,-0.006,-0.002,100*79
$DVPDL,142693000,100000,0.012975,-0.010426,-0.000484,0.005,-0.006,-0.002,100*5D
$DVPDL,142793000,100000,0.002540,-0.008436,-0.000818,0.005,-0.002,-0.000,100*50
$DVPDL,142893000,100000,-0.003656,0.006306,0.003003,0.005,-0.001,0.002,100*50
$DVPDL,142993000,100000,-0.003670,0.001221,0.010253,0.008,-0.002,0.002,100*5D
$DVPDL,143093000,100000,-0.002761,-0.005487,0.011115,0.006,-0.001,0.002,100*7B
$DVPDL,143193000,100000,-0.002569,-0.002594,-0.004862,0.004,-0.002,0.004,100*53
$DVPDL,143293000,100000,-0.003075,0.001553,-0.005474,0.010,-0.000,0.002,100*77
$DVPDL,143393000,100000,-0.011502,-0.015597,-0.006864,0.005,-0.001,0.004,100*5D
$DVPDL,143493000,100000,-0.001275,-0.007333,-0.004705,0.006,-0.001,0.001,100*5B
$DVPDL,143593000,100000,0.004728,0.017355,-0.018037,0.005,0.001,-0.003,100*59
$DVPDL,143693000,100000,-0.001118,0.012488,-0.012394,0.004,-0.000,-0.000,100*5B
$DVPDL,143793000,100000,0.011193,-0.004571,0.011130,0.004,0.000,-0.001,100*56
$DVPDL,143893000,100000,-0.002150,0.001950,-0.000173,0.002,0.001,-0.001,100*73
$DVPDL,143993000,100000,-0.003930,0.000354,0.003155,0.006,0.001,0.002,100*72
$DVPDL,144093000,100000,-0.000199,-0.006490,0.011968,0.007,-0.001,0.004,100*7F
$DVPDL,144193000,100000,-0.003790,-0.004512,0.009436,-0.005,-0.002,-0.001,100*70
$DVPDL,144293000,100000,-0.004179,-0.006140,0.007741,-0.003,-0.001,0.000,100*50
$DVPDL,144393000,100000,-0.000435,-0.000756,0.004496,-0.004,-0.001,-0.000,100*7F
$DVPDL,144493000,100000,0.006304,0.004649,0.001155,-0.003,-0.001,0.002,100*57
$DVPDL,144593000,100000,0.001911,0.002485,-0.009207,-0.006,-0.000,-0.001,100*50
$DVPDL,144693000,100000,0.000418,-0.005861,0.008794,-0.009,0.001,-0.001,100*7A
$DVPDL,144793000,100000,0.020942,-0.004760,0.016429,-0.008,0.002,-0.000,100*7D
$DVPDL,144893000,100000,0.004351,0.010823,-0.002550,-0.007,0.001,-0.002,100*75
$DVPDL,144993000,100000,0.000214,0.006414,-0.012982,-0.005,-0.003,-0.002,100*50
$DVPDL,145093000,100000,0.003111,-0.006554,0.002692,-0.006,-0.003,0.000,100*7B
$DVPDL,145193000,100000,0.002978,-0.013601,0.004869,-0.005,-0.003,-0.001,100*58
$DVPDL,145293000,100000,0.000836,0.006975,0.006712,-0.002,-0.000,-0.001,100*72
$DVPDL,145393000,100000,-0.001160,0.012409,0.001821,0.004,0.001,0.003,100*76
$DVPDL,145493000,100000,0.000555,-0.001279,0.000995,0.008,-0.004,0.002,100*5B
$DVPDL,145593000,100000,0.002088,-0.010804,0.003207,0.009,0.001,0.005,100*70
$DVPDL,145693000,100000,-0.001102,0.006678,0.004521,0.010,-0.000,0.003,100*57
$DVPDL,145793000,100000,-0.001355,0.008220,0.002099,0.010,-0.002,0.003,100*53
$DVPDL,145893000,100000,0.003247,-0.007265,0.005962,0.009,-0.003,0.002,100*50
$DVPDL,145993000,100000,0.000953,-0.001633,0.005311,0.006,-0.002,0.001,100*5E
$DVPDL,146093000,100000,0.005125,0.007953,0.008614,0.016,-0.001,0.006,100*72
$DVPDL,146193000,100000,0.004609,0.003108,-0.000797,0.018,-0.000,0.004,100*5B
$DVPDL,146293000,100000,0.002738,-0.003280,-0.000958,0.017,-0.001,0.001,100*75
$DVPDL,146393000,100000,0.003358,0.001879,0.007727,0.023,-0.001,0.003,100*7D
$DVPDL,146493000,100000,0.007193,0.000022,0.011441,0.021,0.001,0.001,100*55
$DVPDL,146593000,100000,0.009331,0.005347,0.012731,0.017,0.000,-0.001,100*7B
$DVPDL,146693000,100000,0.008622,0.006250,-0.003360,0.014,-0.003,-0.002,100*79
$DVPDL,146793000,100000,-0.000628,0.008830,-0.013350,0.013,-0.003,-0.004,100*56
$DVPDL,146893000,100000,0.000383,0.011683,0.000429,0.014,0.000,-0.004,100*71
$DVPDL,146993000,100000,0.004259,0.000484,-0.003019,0.013,0.001,-0.004,100*58
$DVPDL,147093000,100000,-0.002391,0.007211,-0.002379,0.013,0.000,-0.002,100*70
$DVPDL,147193000,100000,-0.002944,0.005274,0.003893,0.004,-0.001,-0.006,100*7F
$DVPDL,147293000,100000,0.001869,-0.005344,0.007130,0.006,-0.000,-0.003,100*71
$DVPDL,147393000,100000,-0.000250,-0.000134,0.002398,0.005,0.009,-0.008,100*75
$DVPDL,147493000,100000,-0.007120,0.003771,-0.005722,0.002,0.010,-0.005,100*75
$DVPDL,147593000,100000,-0.005777,-0.006366,0.002631,-0.006,0.008,-0.004,100*50
$DVPDL,147693000,100000,-0.003687,-0.005034,0.003795,-0.006,0.005,0.001,100*77
$DVPDL,147793000,100000,-0.007604,-0.000631,-0.003430,-0.010,0.014,-0.000,100*75
$DVPDL,147893000,100000,-0.005857,-0.005377,-0.003624,-0.009,0.013,-0.002,100*78
$DVPDL,147993000,100000,0.000024,0.008468,-0.012086,-0.012,0.008,-0.001,100*79
$DVPDL,148093000,100000,-0.005215,0.009748,-0.010963,-0.009,0.006,0.002,100*7D
$DVPDL,148193000,100000,-0.005999,-0.007846,0.005942,-0.003,0.005,0.004,100*74
$DVPDL,148293000,100000,-0.000868,-0.005081,0.003140,-0.003,0.006,0.001,100*76
$DVPDL,148393000,100000,-0.001398,0.005445,-0.001248,-0.003,0.004,0.002,100*76
$DVPDL,148493000,100000,0.003438,-0.000156,0.000012,-0.004,0.003,-0.000,100*72
$DVPDL,148593000,100000,0.002158,-0.001394,0.000010,-0.009,0.003,-0.003,100*70
$DVPDL,148693000,100000,-0.000455,-0.000028,-0.000455,-0.007,0.001,-0.001,100*77
$DVPDL,148793000,100000,0.000824,-0.001524,0.004676,-0.007,0.004,-0.002,100*75
$DVPDL,148893000,100000,0.000763,-0.001141,0.000463,-0.006,0.004,-0.004,100*74
$DVPDL,148993000,100000,-0.000162,0.003675,-0.005301,-0.000,0.002,-0.002,100*5D
$DVPDL,149093000,100000,0.001873,0.005578,-0.006042,-0.000,-0.000,-0.003,100*51
$DVPDL,149193000,100000,-0.002667,-0.000337,-0.002068,-0.001,-0.002,-0.002,100*5E
$DVPDL,149293000,100000,-0.005215,-0.008331,0.004183,0.002,-0.004,0.000,100*7D
$DVPDL,149393000,100000,-0.000665,-0.007478,0.009609,0.003,-0.003,-0.002,100*5E
$DVPDL,149493000,100000,0.005009,0.010133,0.002578,0.000,-0.000,-0.002,100*52
$DVPDL,149593000,100000,0.003964,0.009654,-0.010215,0.001,0.001,-0.001,100*55
$DVPDL,149693000,100000,-0.004955,-0.000371,-0.005888,0.003,0.001,-0.000,100*51
$DVPDL,149793000,100000,-0.003620,-0.011959,0.009270,-0.003,-0.002,-0.001,100*74
$DVPDL,149893000,100000,0.004052,-0.001667,0.006855,-0.001,-0.003,0.001,100*7D
$DVPDL,149993000,100000,-0.001501,0.009161,-0.009772,-0.001,0.001,-0.004,100*5C
$DVPDL,150093000,100000,-0.004236,0.004960,-0.001299,-0.001,0.007,-0.008,100*5D
$DVPDL,150193000,100000,-0.001101,-0.005569,0.000018,-0.001,0.006,-0.003,100*5A
$DVPDL,150293000,100000,-0.002672,0.002409,0.000773,-0.002,0.007,-0.004,100*7B
$DVPDL,150393000,100000,-0.001463,0.000881,-0.003998,-0.003,0.004,-0.001,100*57
$DVPDL,150493000,100000,-0.002363,0.000449,-0.002439,0.003,0.003,-0.002,100*72
$DVPDL,150593000,100000,-0.001144,0.001926,0.000111,-0.004,0.005,-0.004,100*78
$DVPDL,150693000,100000,-0.001172,-0.000018,-0.009182,-0.001,0.001,0.002,100*52
$DVPDL,150793000,100000,-0.003826,0.004349,-0.011008,-0.004,-0.002,0.000,100*54
$DVPDL,150893000,100000,-0.006211,0.011187,-0.003698,-0.008,-0.008,0.004,100*5A
$DVPDL,150993000,100000,0.001208,0.001480,0.016289,-0.007,-0.009,0.006,100*5B
$DVPDL,151093000,100000,-0.008162,-0.014767,0.003107,-0.006,-0.007,0.002,100*51
$DVPDL,151193000,100000,-0.007482,-0.001882,0.007515,-0.005,-0.002,-0.002,100*7C
$DVPDL,151293000,100000,0.005883,0.010329,0.014640,0.000,0.000,0.001,100*52
$DVPDL,151393000,100000,0.002442,0.006620,-0.000416,-0.002,-0.003,0.003,100*74
$DVPDL,151493000,100000,-0.009843,-0.009562,-0.013643,0.003,-0.002,0.001,100*50
$DVPDL,151593000,100000,-0.005266,-0.012863,0.007162,0.002,-0.004,0.005,100*79
$DVPDL,151693000,100000,-0.002334,-0.020272,0.021171,0.004,-0.004,0.005,100*70
$DVPDL,151793000,100000,0.007625,-0.018892,0.023763,0.004,-0.005,0.004,100*54
$DVPDL,151893000,100000,-0.006359,-0.001254,-0.004116,0.003,-0.006,0.005,100*58
$DVPDL,151993000,100000,-0.006426,0.005710,-0.012945,0.002,-0.004,0.003,100*76
$DVPDL,152093000,100000,-0.003099,0.003200,-0.009176,0.006,0.002,0.004,100*51
$DVPDL,152193000,100000,0.004839,0.001469,-0.001532,0.005,0.003,0.004,100*7D
$DVPDL,152293000,100000,0.007164,-0.003003,-0.000955,0.007,0.003,0.001,100*50
$DVPDL,152393000,100000,0.008269,-0.001965,0.008176,0.006,0.004,0.000,100*70
$DVPDL,152493000,100000,0.010486,-0.004746,0.010808,0.006,0.004,0.001,100*7B
$DVPDL,152593000,100000,0.011710,-0.011272,-0.003755,0.010,0.003,0.000,100*58
$DVPDL,152693000,100000,0.008779,0.002809,-0.017544,0.007,0.003,-0.000,100*59
$DVPDL,152793000,100000,0.002375,0.017932,-0.027661,0.006,0.001,-0.003,100*50
$DVPDL,152893000,100000,0.001560,0.005647,-0.005211,0.007,-0.003,-0.001,100*7F
$DVPDL,152993000,100000,0.001654,-0.001725,0.004628,0.004,-0.002,-0.002,100*75
$DVPDL,153093000,100000,-0.000385,0.001439,-0.003507,0.007,-0.002,-0.001,100*5F
$DVPDL,153193000,100000,-0.003436,0.010830,-0.006643,0.004,-0.001,-0.001,100*51
$DVPDL,153293000,100000,0.004390,0.008532,0.003918,-0.005,-0.003,-0.008,100*7B
$DVPDL,153393000,100000,-0.005722,-0.002516,0.006542,-0.007,-0.004,-0.005,100*74
$DVPDL,153493000,100000,-0.000350,-0.008161,0.019579,0.000,-0.001,-0.000,100*55
$DVPDL,153593000,100000,0.003626,0.001634,0.004372,0.004,-0.001,0.003,100*76
$DVPDL,153693000,100000,0.000964,0.002985,-0.007410,0.001,0.001,0.002,100*7D
$DVPDL,153793000,100000,0.002489,0.002025,-0.003316,-0.005,0.005,-0.001,100*75
$DVPDL,153893000,100000,-0.000377,-0.003923,-0.011997,0.001,0.005,0.002,100*77
$DVPDL,153993000,100000,0.003137,0.003002,-0.008430,0.003,0.005,0.000,100*71
$DVPDL,154093000,100000,-0.001533,0.005165,-0.003205,0.003,0.007,-0.001,100*73
$DVPDL,154193000,100000,0.001106,-0.002246,0.003910,0.003,0.007,0.002,100*79
$DVPDL,154293000,100000,0.004281,0.000584,0.004518,0.002,0.009,-0.000,100*76
$DVPDL,154393000,100000,0.002974,0.002362,-0.001632,-0.002,0.007,0.001,100*50
$DVPDL,154493000,100000,-0.001540,-0.003751,0.000959,0.001,0.008,-0.001,100*78
$DVPDL,154593000,100000,-0.001481,-0.002745,-0.005967,-0.002,0.004,0.001,100*5B
$DVPDL,154693000,100000,-0.002866,0.008856,-0.012137,-0.003,0.002,0.002,100*7B
$DVPDL,154793000,100000,-0.005338,0.002917,-0.003080,-0.006,0.005,0.002,100*7C
$DVPDL,154893000,100000,0.000037,-0.007095,0.010653,-0.001,0.001,0.004,100*5E
$DVPDL,154993000,100000,-0.002461,-0.002603,0.004073,-0.003,-0.000,0.003,100*53
$DVPDL,155093000,100000,0.000752,0.005152,-0.001722,-0.002,-0.000,0.003,100*74
$DVPDL,155193000,100000,-0.002644,0.000387,-0.005939,-0.000,-0.002,0.003,100*53
$DVPDL,155293000,100000,-0.000877,-0.008968,0.003205,0.003,-0.001,0.005,100*76
$DVPDL,155393000,100000,0.001069,-0.007597,0.000744,0.002,0.005,0.002,100*73
$DVPDL,155493000,100000,-0.001556,0.003990,-0.006004,0.002,0.007,0.001,100*5B
$DVPDL,155593000,100000,0.000317,0.002027,-0.009343,0.017,0.006,0.002,100*78
$DVPDL,155693000,100000,0.005800,0.004732,-0.000862,0.015,0.007,-0.001,100*5A
$DVPDL,155793000,100000,-0.003423,0.007632,0.000986,0.013,0.002,-0.002,100*59
$DVPDL,155893000,100000,0.003764,-0.007911,0.010341,0.014,0.003,-0.002,100*5E
$DVPDL,155993000,100000,0.001260,-0.005636,-0.002163,0.013,0.002,-0.004,100*78
$DVPDL,156093000,100000,0.007025,0.007797,0.008339,0.010,0.002,-0.002,100*7D
$DVPDL,156193000,100000,-0.004803,-0.001783,-0.000326,0.007,0.002,-0.001,100*5E
$DVPDL,156293000,100000,0.002763,-0.012263,-0.004895,0.005,0.002,-0.001,100*73
$DVPDL,156393000,100000,0.000016,-0.001927,0.004417,-0.000,0.005,-0.002,100*7B
$DVPDL,156493000,100000,-0.000868,0.004900,0.005417,0.002,0.004,-0.001,100*51
$DVPDL,156593000,100000,-0.009294,-0.000604,0.001282,-0.000,0.001,0.002,100*78
$DVPDL,156693000,100000,-0.003389,-0.008946,0.014311,-0.001,0.002,0.001,100*73
$DVPDL,156793000,100000,-0.000351,-0.002772,-0.000983,-0.001,0.003,-0.004,100*77
$DVPDL,156893000,100000,0.001534,0.013440,0.004832,0.003,0.002,-0.003,100*75
$DVPDL,156993000,100000,0.001868,-0.006027,-0.000063,0.004,0.001,-0.005,100*7B
$DVPDL,157093000,100000,-0.001487,-0.014166,0.006051,0.003,0.002,-0.001,100*7E
$DVPDL,157193000,100000,0.003594,-0.010984,0.022387,0.002,0.002,-0.000,100*5D
$DVPDL,157293000,100000,-0.014369,-0.005359,-0.012772,-0.002,0.001,-0.001,100*70
$DVPDL,157393000,100000,-0.004568,-0.002469,0.005406,0.004,-0.000,0.003,100*77
$DVPDL,157493000,100000,0.004045,-0.001342,0.005674,0.004,0.002,0.001,100*70
$DVPDL,157593000,100000,-0.001557,-0.005683,0.006340,-0.001,0.002,0.004,100*7F
$DVPDL,157693000,100000,-0.001773,-0.008629,-0.000700,0.002,0.002,0.002,100*76
$DVPDL,157793000,100000,-0.010995,-0.007651,-0.023899,0.003,0.002,-0.000,100*51
$DVPDL,157893000,100000,-0.002936,-0.009047,-0.013347,0.005,0.004,-0.002,100*52
$DVPDL,157993000,100000,-0.004387,0.006032,-0.001499,0.014,0.004,-0.004,100*74
$DVPDL,158093000,100000,0.000648,0.001560,-0.011405,0.011,0.001,-0.001,100*59
$DVPDL,158193000,100000,0.004217,-0.005966,0.006801,0.007,0.001,0.001,100*78
$DVPDL,158293000,100000,0.006359,-0.005030,0.002531,0.001,-0.002,0.002,100*59
$DVPDL,158393000,100000,0.014319,-0.002167,-0.005280,0.001,-0.003,-0.001,100*53
$DVPDL,158493000,100000,-0.002526,-0.000810,-0.002859,0.001,0.000,0.000,100*74
$DVPDL,158593000,100000,0.021108,0.002117,0.021142,0.000,-0.000,0.001,100*72
$DVPDL,158693000,100000,0.000016,0.017233,-0.031665,0.002,0.000,-0.000,100*50
$DVPDL,158793000,100000,-0.025940,0.017212,-0.033823,0.004,0.001,0.001,100*57
$DVPDL,158893000,100000,0.000260,0.012792,0.001799,0.007,0.002,0.002,100*52
$DVPDL,158993000,100000,-0.000687,0.001192,0.023471,-0.009,0.001,0.007,100*57
$DVPDL,159093000,100000,-0.004706,-0.013229,0.004852,-0.009,0.000,0.005,100*75
$DVPDL,159193000,100000,-0.011043,-0.005909,-0.016966,-0.009,0.002,0.005,100*52
$DVPDL,159293000,100000,-0.011000,0.009654,-0.039699,-0.005,0.003,0.004,100*7E
$DVPDL,159393000,100000,-0.003234,0.013889,-0.047887,-0.003,0.001,-0.001,100*58
$DVPDL,159493000,100000,-0.000996,0.012532,-0.036008,0.000,-0.001,-0.002,100*5A
$DVPDL,159593000,100000,0.015262,0.005163,-0.016031,0.001,-0.001,0.001,100*53
$DVPDL,159693000,100000,-0.002748,-0.007516,0.003197,0.005,-0.003,0.002,100*7E
$DVPDL,159793000,100000,0.005809,-0.011296,0.017573,0.016,-0.002,-0.002,100*72
$DVPDL,159893000,100000,-0.000546,-0.004059,0.029985,0.007,-0.001,-0.001,100*5E
$DVPDL,159993000,100000,0.002813,-0.007948,0.033082,0.008,-0.000,-0.002,100*7F
$DVPDL,160093000,100000,0.009925,-0.005528,-0.001930,0.012,-0.000,-0.002,100*5C
$DVPDL,160193000,100000,0.006451,0.007255,-0.000225,0.008,-0.000,-0.002,100*7B
$DVPDL,160293000,100000,0.007029,0.001727,-0.002720,0.011,-0.003,0.002,100*50
$DVPDL,160393000,100000,0.002926,0.000410,-0.002260,0.011,-0.001,0.001,100*54
$DVPDL,160493000,100000,0.000807,0.001697,0.007103,0.015,0.001,-0.005,100*71
$DVPDL,160593000,100000,0.001105,-0.000450,-0.003098,0.017,0.001,-0.002,100*70
$DVPDL,160693000,100000,-0.010220,0.013297,-0.018600,0.027,0.002,0.001,100*5B
$DVPDL,160793000,100000,-0.003379,0.015636,-0.011706,0.024,0.002,0.001,100*51
$DVPDL,160893000,100000,0.003433,-0.004574,-0.001574,0.028,0.002,0.003,100*5A
$DVPDL,160993000,100000,0.004523,-0.010076,0.012869,0.028,-0.000,0.006,100*5A
$DVPDL,161093000,100000,-0.005180,0.005085,0.010682,0.027,0.000,0.004,100*7F
$DVPDL,161193000,100000,0.011477,0.005359,0.006197,0.019,-0.000,0.006,100*7F
$DVPDL,161293000,100000,0.006963,-0.011709,0.009361,0.014,0.004,0.003,100*7E
$DVPDL,161393000,100000,0.006077,0.000221,0.015404,0.010,0.006,-0.000,100*70
$DVPDL,161493000,100000,0.005052,0.003300,0.011591,0.009,0.004,0.002,100*5E
$DVPDL,161593000,100000,0.006944,0.007505,-0.007794,0.008,0.002,0.002,100*7F
$DVPDL,161693000,100000,0.008419,0.002907,-0.008705,0.006,-0.001,0.002,100*5B
$DVPDL,161793000,100000,0.004374,-0.002142,-0.000475,0.011,-0.008,0.007,100*78
$DVPDL,161893000,100000,-0.004553,0.002374,-0.000237,0.015,-0.008,0.002,100*72
$DVPDL,161993000,100000,-0.006049,0.003147,-0.007541,0.013,-0.002,0.000,100*73
$DVPDL,162093000,100000,-0.002470,0.005814,0.000604,0.009,-0.003,0.000,100*58
$DVPDL,162193000,100000,-0.005849,0.010327,0.015929,0.013,-0.002,0.000,100*59
$DVPDL,162293000,100000,-0.002983,-0.002255,0.003701,0.011,-0.001,0.002,100*70
$DVPDL,162393000,100000,0.001934,-0.017788,0.019737,0.002,-0.000,0.000,100*5D
$DVPDL,162493000,100000,0.003316,-0.009981,0.015605,0.007,-0.001,0.001,100*53
$DVPDL,162593000,100000,0.004341,-0.001021,0.011495,0.011,-0.008,0.006,100*5A
$DVPDL,162693000,100000,0.001665,-0.004030,0.005827,0.013,-0.010,0.006,100*51
$DVPDL,162793000,100000,0.001423,-0.001094,0.003129,0.009,-0.009,0.004,100*5B
$DVPDL,162893000,100000,0.001495,0.004647,-0.005588,0.005,-0.008,0.002,100*56
$DVPDL,162993000,100000,-0.000617,0.002185,-0.005828,0.006,-0.011,0.004,100*76
$DVPDL,163093000,100000,0.003087,-0.010492,-0.005902,0.005,-0.010,0.002,100*7F
$DVPDL,163193000,100000,-0.003834,-0.004732,0.002331,0.006,-0.009,0.002,100*74
$DVPDL,163293000,100000,-0.000393,0.002314,-0.000140,0.004,-0.007,0.001,100*7D
$DVPDL,163393000,100000,0.000417,0.002167,-0.003949,0.002,-0.006,0.002,100*5A
$DVPDL,163493000,100000,0.000541,-0.001561,0.000473,0.003,-0.004,0.000,100*58
$DVPDL,163593000,100000,0.003267,-0.002532,0.002959,0.004,-0.004,0.002,100*5E
$DVPDL,163693000,100000,0.002642,-0.003958,-0.002274,0.003,-0.004,-0.000,100*5F
$DVPDL,163793000,100000,0.001570,0.002924,-0.002279,0.002,-0.002,-0.004,100*76
$DVPDL,163893000,100000,0.003675,0.002655,-0.006674,0.001,0.007,-0.006,100*50
$DVPDL,163993000,100000,0.002375,-0.005354,0.000905,0.000,0.007,-0.007,100*59
$DVPDL,164093000,100000,0.003926,-0.017557,0.003687,0.000,0.010,-0.004,100*5F
$DVPDL,164193000,100000,0.012835,0.001330,-0.001450,-0.003,0.005,-0.001,100*78
$DVPDL,164293000,100000,-0.006553,0.013552,-0.009015,0.004,0.003,0.001,100*53
$DVPDL,164393000,100000,0.005018,0.001562,-0.005423,0.004,0.002,0.000,100*7B
$DVPDL,164493000,100000,0.001183,0.006382,0.002936,0.004,0.004,0.002,100*53
$DVPDL,164593000,100000,-0.004434,-0.003338,-0.004526,0.003,0.003,0.003,100*7D
$DVPDL,164693000,100000,-0.003459,-0.011684,0.003973,-0.001,0.001,0.000,100*7B
$DVPDL,164793000,100000,-0.001988,-0.008053,0.010445,0.002,-0.002,0.001,100*76
$DVPDL,164893000,100000,0.000270,0.000020,-0.001256,0.004,0.002,0.003,100*78
$DVPDL,164993000,100000,-0.004959,0.004427,-0.008987,0.005,0.002,0.001,100*5A
$DVPDL,165093000,100000,0.003275,0.010408,-0.013015,0.005,-0.001,0.001,100*53
$DVPDL,165193000,100000,-0.002883,0.010979,-0.011473,0.002,-0.000,0.001,100*76
$DVPDL,165293000,100000,0.002250,-0.006629,0.003595,0.001,-0.002,-0.001,100*77
$DVPDL,165393000,100000,0.005748,-0.013694,0.000588,0.005,0.000,-0.002,100*58
$DVPDL,165493000,100000,0.004998,0.003128,0.001155,0.003,0.003,-0.003,100*70
$DVPDL,165593000,100000,0.002377,0.007825,-0.009747,0.006,0.004,0.000,100*70
$DVPDL,165693000,100000,-0.002082,0.001398,-0.007467,0.001,0.003,-0.002,100*7C
$DVPDL,165793000,100000,0.000564,-0.002054,0.004645,-0.005,0.007,-0.002,100*73
$DVPDL,165893000,100000,-0.008021,-0.005596,-0.006618,0.000,0.007,-0.004,100*58
$DVPDL,165993000,100000,-0.001748,-0.007183,0.011394,-0.006,0.007,-0.003,100*5C
$DVPDL,166093000,100000,-0.004374,-0.008314,-0.000420,-0.005,0.011,0.001,100*55
$DVPDL,166193000,100000,-0.005566,0.000237,-0.003763,-0.008,0.010,0.002,100*7D
$DVPDL,166293000,100000,-0.000389,0.009109,-0.013590,-0.004,0.006,0.002,100*7F
$DVPDL,166393000,100000,0.001513,0.003497,-0.009315,0.000,0.004,0.003,100*75
$DVPDL,166493000,100000,-0.003805,-0.000308,0.012638,0.004,0.005,0.002,100*51
$DVPDL,166593000,100000,0.000412,-0.001299,0.008281,0.003,0.003,0.000,100*72
$DVPDL,166693000,100000,-0.003196,0.002416,0.005920,0.000,0.004,-0.001,100*5C
$DVPDL,166793000,100000,-0.010517,0.003401,0.007720,-0.002,0.008,-0.003,100*78
$DVPDL,166893000,100000,0.000329,-0.004532,0.009072,-0.004,0.005,0.000,100*50
$DVPDL,166993000,100000,0.001404,-0.003463,-0.006094,-0.009,0.003,-0.001,100*57
$DVPDL,167093000,100000,-0.000192,-0.003215,-0.000204,-0.005,-0.002,0.000,100*7F
$DVPDL,167193000,100000,0.004633,-0.002805,0.004726,0.000,-0.002,0.002,100*57
$DVPDL,167293000,100000,0.007993,-0.001447,0.004356,-0.002,0.001,-0.000,100*76
$DVPDL,167393000,100000,0.002634,-0.003175,0.004694,-0.002,0.003,-0.000,100*7F
$DVPDL,167493000,100000,0.001627,0.003003,0.000224,-0.001,0.005,-0.003,100*59
$DVPDL,167593000,100000,0.001237,-0.000253,-0.013335,-0.005,0.001,0.001,100*75
$DVPDL,167693000,100000,0.003748,0.005785,-0.001613,-0.006,0.003,0.001,100*5C
$DVPDL,167793000,100000,-0.000118,0.012164,-0.003983,-0.004,0.003,0.000,100*78
$DVPDL,167893000,100000,-0.006964,-0.005845,-0.000290,-0.003,0.002,0.000,100*5F
$DVPDL,167993000,100000,0.002729,-0.016411,0.008858,-0.003,-0.001,0.004,100*7E
$DVPDL,168093000,100000,-0.001323,0.001627,0.002383,-0.004,-0.002,0.002,100*71
$DVPDL,168193000,100000,-0.003341,0.001677,-0.008871,0.002,-0.004,-0.000,100*50
$DVPDL,168293000,100000,-0.008129,0.005938,-0.008380,0.002,-0.004,-0.003,100*52
$DVPDL,168393000,100000,-0.015991,0.016521,0.010926,-0.000,-0.004,-0.003,100*5F
$DVPDL,168493000,100000,-0.002318,0.008717,0.005484,0.001,-0.002,-0.005,100*70
$DVPDL,168593000,100000,0.009203,-0.013385,0.002136,0.011,-0.003,-0.004,100*7E
$DVPDL,168693000,100000,0.000017,-0.001923,-0.004607,0.009,0.001,-0.002,100*78
$DVPDL,168793000,100000,0.001537,-0.004079,0.010404,0.005,-0.001,-0.004,100*72
$DVPDL,168893000,100000,0.005941,-0.002416,-0.009177,-0.001,-0.001,0.002,100*59
$DVPDL,168993000,100000,0.002411,0.012375,-0.010452,0.003,0.000,0.002,100*70
$DVPDL,169093000,100000,0.009763,0.003043,0.006719,0.002,-0.006,0.003,100*7E
$DVPDL,169193000,100000,0.003314,-0.006389,0.003783,0.002,-0.012,0.004,100*58
$DVPDL,169293000,100000,0.004823,-0.007713,0.020569,0.002,-0.011,0.002,100*57
$DVPDL,169393000,100000,0.005522,-0.015219,0.017999,0.002,-0.007,0.002,100*57
$DVPDL,169493000,100000,0.006604,-0.018343,0.014222,-0.005,-0.008,0.006,100*7E
$DVPDL,169593000,100000,0.001899,-0.004776,-0.006183,-0.003,-0.007,0.007,100*53
$DVPDL,169693000,100000,-0.012810,0.017971,-0.028541,0.001,-0.007,0.006,100*70
$DVPDL,169793000,100000,-0.012123,-0.002526,-0.007973,0.003,-0.006,0.003,100*59
$DVPDL,169893000,100000,0.011773,-0.003182,0.005050,0.003,-0.008,0.004,100*5E
$DVPDL,169993000,100000,-0.002574,-0.007292,0.007340,0.004,-0.004,0.004,100*78
$DVPDL,170093000,100000,0.010416,-0.006929,0.010252,0.001,-0.003,0.001,100*5B
$DVPDL,170193000,100000,-0.001514,0.024407,0.001492,0.004,-0.004,-0.001,100*7D
$DVPDL,170293000,100000,-0.004350,0.028365,-0.011958,0.003,-0.002,-0.004,100*51
$DVPDL,170393000,100000,-0.003773,-0.011457,0.000667,0.002,-0.004,-0.002,100*5C
$DVPDL,170493000,100000,-0.000862,-0.012474,0.011739,0.001,-0.003,-0.002,100*5B
$DVPDL,170593000,100000,-0.012612,0.007393,0.003450,0.008,-0.011,0.002,100*5F
$DVPDL,170693000,100000,-0.012536,0.006884,-0.001829,0.008,-0.011,0.006,100*7C
$DVPDL,170793000,100000,-0.006264,-0.000126,-0.004144,0.010,-0.009,0.003,100*50
$DVPDL,170893000,100000,-0.007579,-0.003612,0.002016,0.009,-0.007,0.003,100*7D
$DVPDL,170993000,100000,0.000153,-0.007796,0.009319,0.008,-0.006,0.000,100*57
$DVPDL,171093000,100000,0.001246,-0.005501,0.007414,-0.001,-0.007,-0.004,100*5F
$DVPDL,171193000,100000,0.005499,-0.003172,0.005766,-0.004,-0.005,-0.006,100*59
$DVPDL,171293000,100000,0.004280,0.001863,-0.008797,-0.005,-0.003,-0.005,100*59
$DVPDL,171393000,100000,0.008292,0.005070,-0.006408,-0.005,0.002,-0.005,100*7E
$DVPDL,171493000,100000,0.005568,0.003546,-0.006171,-0.005,0.002,-0.000,100*7E
$DVPDL,171593000,100000,0.005843,-0.002657,0.005320,-0.002,0.000,0.001,100*55
$DVPDL,171693000,100000,0.004467,-0.004841,0.004336,-0.004,0.002,-0.001,100*7D
$DVPDL,171793000,100000,-0.000476,0.000387,0.000933,-0.005,0.006,-0.003,100*71
$DVPDL,171893000,100000,0.001606,0.002588,0.000491,-0.004,0.006,-0.001,100*5A
$DVPDL,171993000,100000,-0.000271,-0.001079,-0.007731,-0.001,0.001,0.003,100*58
$DVPDL,172093000,100000,-0.002062,0.000315,0.000009,-0.001,0.002,0.002,100*51
$DVPDL,172193000,100000,0.000274,-0.002288,0.001649,-0.003,0.002,0.001,100*52
$DVPDL,172293000,100000,0.001032,-0.005675,0.002393,-0.005,-0.004,0.002,100*7E
$DVPDL,172393000,100000,0.000783,-0.000625,0.001844,-0.003,-0.012,0.006,100*74
$DVPDL,172493000,100000,-0.002300,0.004372,0.000314,0.002,-0.009,0.004,100*56
$DVPDL,172593000,100000,-0.005334,0.003756,-0.002657,0.006,-0.008,0.002,100*7C
$DVPDL,172693000,100000,-0.000851,0.006254,-0.002134,0.004,-0.004,-0.000,100*53
$DVPDL,172793000,100000,-0.002401,0.003760,-0.002459,0.006,-0.008,0.001,100*72
$DVPDL,172893000,100000,-0.004657,-0.002907,0.004533,0.007,-0.007,0.004,100*74
$DVPDL,172993000,100000,-0.001963,-0.002323,0.005373,0.005,-0.008,0.004,100*7A
$DVPDL,173093000,100000,-0.005726,0.005116,-0.007119,0.004,-0.007,0.004,100*78
$DVPDL,173193000,100000,-0.006194,0.010194,-0.001213,0.007,-0.005,0.002,100*73
$DVPDL,173293000,100000,-0.001805,0.007161,-0.005109,0.005,-0.004,0.001,100*76
$DVPDL,173393000,100000,-0.002407,-0.005509,-0.003279,0.003,-0.002,-0.001,100*70
$DVPDL,173493000,100000,-0.002568,-0.005694,0.003669,0.004,-0.004,0.000,100*7D
$DVPDL,173593000,100000,-0.001324,0.001858,0.001798,-0.001,-0.002,-0.001,100*59
$DVPDL,173693000,100000,-0.001833,0.000466,0.000426,0.003,0.000,0.002,100*7E
$DVPDL,173793000,100000,-0.001328,-0.000925,0.003487,0.004,-0.003,-0.001,100*56
$DVPDL,173893000,100000,-0.001412,-0.000042,0.001519,-0.004,-0.004,0.000,100*5D
$DVPDL,173993000,100000,0.002103,-0.004257,0.002417,-0.009,-0.002,0.003,100*71
$DVPDL,174093000,100000,0.000155,-0.001486,0.002073,-0.006,-0.001,0.003,100*7B
$DVPDL,174193000,100000,-0.000763,0.001132,-0.000002,-0.001,-0.002,0.002,100*5F
$DVPDL,174293000,100000,0.002775,-0.001007,-0.003652,0.001,-0.001,-0.001,100*5E
$DVPDL,174393000,100000,0.000587,0.000091,-0.004040,0.002,0.005,-0.003,100*5B
$DVPDL,174493000,100000,0.002926,-0.001778,0.000718,0.005,0.003,-0.001,100*55
$DVPDL,174593000,100000,0.003716,-0.005865,0.001129,0.000,0.004,0.004,100*70
$DVPDL,174693000,100000,0.000730,0.001544,0.000935,0.004,0.001,0.004,100*56
$DVPDL,174793000,100000,-0.001462,0.003910,-0.002600,0.006,-0.002,0.003,100*7D
$DVPDL,174893000,100000,-0.000090,0.000326,0.001092,0.006,-0.002,0.004,100*52
$DVPDL,174993000,100000,-0.003505,0.000008,-0.001981,0.005,-0.002,0.003,100*74
$DVPDL,175093000,100000,-0.001696,-0.000030,-0.000113,0.011,-0.000,-0.003,100*79
$DVPDL,175193000,100000,-0.001059,0.000872,-0.001425,0.009,0.001,-0.003,100*7A
$DVPDL,175293000,100000,0.000949,0.001708,-0.000643,0.008,0.003,-0.003,100*5E
$DVPDL,175393000,100000,0.001555,0.000249,0.002522,0.009,0.005,-0.003,100*72
$DVPDL,175493000,100000,0.002494,0.001962,-0.000250,0.005,0.008,-0.001,100*57
$DVPDL,175593000,100000,0.001329,0.004434,-0.002753,0.006,0.011,-0.003,100*52
$DVPDL,175693000,100000,-0.001679,0.001353,-0.004928,0.001,0.007,-0.002,100*7A
$DVPDL,175793000,100000,0.002711,-0.004151,-0.001258,0.003,0.005,-0.003,100*7A
$DVPDL,175893000,100000,-0.000933,0.000382,-0.002791,0.005,0.007,-0.003,100*76
$DVPDL,175993000,100000,0.000439,0.000728,0.003505,0.008,0.007,-0.002,100*76
$DVPDL,176093000,100000,-0.000307,-0.000115,0.003329,0.008,0.007,-0.003,100*77
$DVPDL,176193000,100000,-0.002532,0.000989,-0.000832,0.008,0.005,-0.004,100*7E
$DVPDL,176293000,100000,-0.001493,-0.001405,-0.001547,0.012,0.005,-0.003,100*53
$DVPDL,176393000,100000,-0.002973,-0.001287,-0.003356,0.011,0.007,-0.001,100*59
$DVPDL,176493000,100000,-0.001533,0.000008,-0.000449,0.012,0.006,0.001,100*59
$DVPDL,176593000,100000,-0.000398,-0.003968,-0.003943,0.012,0.006,-0.000,100*57
$DVPDL,176693000,100000,0.000751,-0.006268,0.006657,0.009,0.005,0.001,100*71
$DVPDL,176793000,100000,0.002126,0.003282,0.006628,0.009,-0.000,0.001,100*78
$DVPDL,176893000,100000,-0.003768,0.007823,-0.003503,0.007,-0.005,-0.000,100*57
$DVPDL,176993000,100000,0.002585,-0.000601,-0.001786,0.008,-0.003,-0.002,100*59
$DVPDL,177093000,100000,-0.000649,-0.008713,-0.001443,0.009,-0.004,0.001,100*55
$DVPDL,177193000,100000,-0.000682,-0.008282,0.003757,0.006,-0.006,-0.001,100*57
$DVPDL,177293000,100000,0.000216,0.004907,0.001264,0.008,-0.005,0.002,100*73
$DVPDL,177393000,100000,-0.001946,0.008065,-0.002131,0.007,-0.007,0.003,100*70
$DVPDL,177493000,100000,-0.003181,0.000891,-0.009904,0.005,-0.005,0.004,100*7F
$DVPDL,177593000,100000,-0.004990,0.002783,0.006142,-0.000,-0.007,0.001,100*78
$DVPDL,177693000,100000,-0.006834,-0.004289,0.002333,-0.005,-0.006,-0.000,100*7A
$DVPDL,177793000,100000,-0.001893,0.000871,-0.003726,-0.006,-0.006,-0.000,100*7A
$DVPDL,177893000,100000,0.001746,0.007170,0.004001,-0.011,-0.007,0.001,100*53
$DVPDL,177993000,100000,0.003824,0.004758,-0.009063,-0.011,-0.008,0.001,100*7F
$DVPDL,178093000,100000,0.008125,0.003727,-0.003901,0.003,-0.009,-0.006,100*77
$DVPDL,178193000,100000,0.006072,0.006670,-0.004441,0.001,-0.008,-0.003,100*75
$DVPDL,178293000,100000,0.003294,-0.002747,0.003755,0.008,-0.009,0.003,100*5C
$DVPDL,178393000,100000,0.003453,-0.010650,0.007144,0.007,-0.010,0.004,100*56
$DVPDL,178493000,100000,0.000635,-0.003696,0.002119,0.004,-0.008,0.004,100*5F
$DVPDL,178593000,100000,-0.002964,-0.000176,-0.008109,-0.002,-0.007,0.004,100*72
$DVPDL,178693000,100000,-0.008322,0.001011,-0.013993,-0.008,-0.007,-0.000,100*7D
$DVPDL,178793000,100000,-0.005787,0.013321,-0.004392,-0.011,-0.011,0.000,100*56
$DVPDL,178893000,100000,-0.003868,0.001534,0.001467,-0.003,-0.012,0.003,100*76
$DVPDL,178993000,100000,0.001655,-0.006892,0.008569,0.000,-0.010,0.003,100*59
$DVPDL,179093000,100000,0.002637,-0.001557,0.001019,0.008,-0.005,-0.001,100*7D
$DVPDL,179193000,100000,0.001746,0.003591,-0.005122,0.006,-0.005,-0.002,100*70
$DVPDL,179293000,100000,0.003763,0.002836,0.001198,0.002,-0.004,-0.004,100*5C
$DVPDL,179393000,100000,0.002124,-0.003233,-0.001230,0.004,-0.004,-0.003,100*57
$DVPDL,179493000,100000,0.005885,-0.002052,0.004159,0.020,-0.002,0.004,100*5F
$DVPDL,179593000,100000,0.005791,-0.001884,0.000657,0.009,-0.000,0.004,100*50
$DVPDL,179693000,100000,-0.000673,-0.003113,0.003246,0.004,0.006,-0.001,100*7A
$DVPDL,179793000,100000,-0.003822,-0.000005,0.006083,0.002,0.005,-0.003,100*7E
$DVPDL,179893000,100000,-0.000816,-0.003591,0.003855,-0.000,0.008,-0.001,100*58
$DVPDL,179993000,100000,-0.002883,-0.000368,-0.003900,-0.001,0.005,-0.002,100*77
$DVPDL,180093000,100000,-0.004727,0.005041,-0.011176,-0.004,0.001,-0.005,100*53
$DVPDL,180193000,100000,-0.003084,0.002061,-0.003413,-0.009,0.001,-0.003,100*50
$DVPDL,180293000,100000,-0.005161,-0.001369,0.001421,-0.008,0.002,-0.001,100*54
$DVPDL,180393000,100000,0.001666,-0.002472,0.011987,-0.012,0.004,0.002,100*51
$DVPDL,180493000,100000,0.000507,0.004465,0.001416,-0.009,0.002,0.001,100*75
$DVPDL,180593000,100000,0.002215,0.004067,-0.001072,0.000,0.002,-0.005,100*52
$DVPDL,180693000,100000,-0.001132,0.002822,-0.002369,-0.003,0.001,-0.005,100*51
$DVPDL,180793000,100000,-0.002583,-0.002925,0.011226,-0.004,0.001,-0.004,100*55
$DVPDL,180893000,100000,-0.001455,-0.003018,0.008079,-0.000,0.001,0.000,100*78
$DVPDL,180993000,100000,-0.003212,0.000255,0.000069,-0.001,-0.001,0.002,100*7C
$DVPDL,181093000,100000,-0.005119,-0.000645,-0.000540,0.007,0.001,0.005,100*70
$DVPDL,181193000,100000,-0.001087,-0.003190,-0.001574,0.010,0.001,0.005,100*7F
$DVPDL,181293000,100000,-0.003347,0.002063,-0.004915,0.011,-0.000,0.006,100*70
$DVPDL,181393000,100000,-0.002805,0.004348,-0.007232,0.007,0.002,0.005,100*57
$DVPDL,181493000,100000,-0.003172,-0.001204,-0.001009,0.005,0.003,0.005,100*76
$DVPDL,181593000,100000,-0.003971,-0.008259,0.007288,0.005,0.002,0.005,100*5C
$DVPDL,181693000,100000,-0.000277,-0.003259,0.003985,0.004,-0.000,0.004,100*77
$DVPDL,181793000,100000,-0.001990,0.002447,-0.002674,0.002,0.001,0.003,100*50
$DVPDL,181893000,100000,0.000029,-0.002213,0.001780,0.003,0.002,0.004,100*73
$DVPDL,181993000,100000,0.001138,-0.002727,-0.000056,0.002,-0.001,0.004,100*7F
$DVPDL,182093000,100000,-0.000573,0.003982,-0.005261,0.001,-0.000,0.002,100*78
$DVPDL,182193000,100000,0.000033,0.005132,-0.006855,-0.006,-0.003,-0.004,100*5C
$DVPDL,182293000,100000,-0.000424,0.000498,-0.000558,0.002,-0.001,-0.006,100*5F
$DVPDL,182393000,100000,-0.000322,-0.003137,0.001247,0.006,-0.002,-0.003,100*56
$DVPDL,182493000,100000,-0.000653,-0.001943,0.003145,0.010,-0.001,-0.000,100*5F
$DVPDL,182593000,100000,-0.000656,0.000069,-0.000610,0.003,0.000,-0.003,100*72
$DVPDL,182693000,100000,-0.000547,0.000020,-0.000112,-0.002,-0.001,-0.003,100*7A
$DVPDL,182793000,100000,0.000002,-0.001758,0.002545,-0.010,-0.000,-0.004,100*5A
$DVPDL,182893000,100000,-0.001535,-0.002561,-0.002916,-0.002,0.001,-0.007,100*78
$DVPDL,182993000,100000,0.000273,0.000230,-0.001806,-0.001,0.002,-0.005,100*7D
$DVPDL,183093000,100000,-0.000807,0.001280,-0.006254,0.003,0.002,-0.002,100*79
$DVPDL,183193000,100000,0.001322,-0.001396,0.000851,0.003,-0.000,-0.003,100*79
$DVPDL,183293000,100000,0.001024,-0.002421,0.004199,0.002,-0.002,-0.003,100*7D
$DVPDL,183393000,100000,0.003167,-0.001810,0.003482,0.005,-0.002,0.002,100*56