$DVPDL,34793000,100000,-0.000252,-0.004116,0.005832,0.002,-0.003,0.001,100*4A
$DVPDL,34893000,100000,0.001409,-0.006783,-0.000331,0.002,-0.001,0.002,100*48
$DVPDL,34993000,100000,0.005735,-0.006684,-0.003239,0.003,-0.001,0.000,100*4E
$DVPDL,35093000,100000,0.007143,-0.001278,0.001245,0.002,-0.001,-0.001,100*4A
$DVPDL,35193000,100000,0.002884,0.003873,-0.000961,0.003,-0.001,-0.002,100*41
$DVPDL,35293000,100000,0.001257,0.007620,-0.000998,0.003,-0.000,-0.001,100*4D
$DVPDL,35393000,100000,-0.000674,0.004046,0.006145,0.001,0.001,-0.000,100*6C
$DVPDL,35493000,100000,-0.000820,-0.001426,0.005490,0.000,-0.002,-0.001,100*6E
$DVPDL,35593000,100000,0.005560,-0.003256,0.003063,-0.000,0.000,0.000,100*6D
$DVPDL,35693000,100000,0.002661,-0.004319,0.000376,-0.000,-0.003,-0.001,100*60
$DVPDL,35793000,100000,-0.000988,0.000161,-0.000021,0.001,-0.003,-0.001,100*62
$DVPDL,35893000,100000,0.000074,0.001523,0.000821,0.001,-0.002,0.000,100*41
$DVPDL,35993000,100000,-0.002403,0.001080,0.001568,0.003,-0.001,0.000,100*67
$DVPDL,36093000,100000,-0.001300,0.003163,0.002940,0.003,0.000,0.000,100*4D
$DVPDL,36193000,100000,-0.000681,0.002367,-0.000650,-0.000,0.001,0.002,100*4A
$DVPDL,36293000,100000,-0.002011,0.000315,-0.000175,0.000,0.001,0.002,100*6E
$DVPDL,36393000,100000,0.002367,-0.005744,-0.003906,0.001,0.001,0.002,100*66
$DVPDL,36493000,100000,0.000555,-0.002157,-0.006471,0.001,0.000,0.002,100*6E
$DVPDL,36593000,100000,-0.002577,0.003747,-0.008580,0.000,-0.001,0.001,100*44
$DVPDL,36693000,100000,-0.001947,0.005885,-0.009374,-0.001,-0.002,-0.000,100*43
$DVPDL,36793000,100000,0.002472,0.004918,-0.008438,-0.003,-0.002,0.000,100*42
$DVPDL,36893000,100000,-0.001527,0.005418,0.001189,-0.002,-0.004,-0.002,100*6D
$DVPDL,36993000,100000,0.005353,0.003376,0.009483,-0.004,-0.003,-0.000,100*4D
$DVPDL,37093000,100000,0.006941,0.000237,-0.001576,-0.004,-0.004,-0.000,100*61
$DVPDL,37193000,100000,0.002876,0.003008,-0.011256,-0.003,-0.005,0.000,100*43
$DVPDL,37293000,100000,-0.002125,0.005081,-0.007468,-0.001,-0.004,0.001,100*6B
$DVPDL,37393000,100000,-0.002332,-0.001322,-0.007291,-0.004,-0.001,0.002,100*4E
$DVPDL,37493000,100000,0.008733,-0.010380,-0.007250,-0.004,-0.000,0.001,100*6C
$DVPDL,37593000,100000,0.009265,-0.009344,-0.014306,-0.002,-0.001,0.000,100*6C
$DVPDL,37693000,100000,0.018187,0.003656,-0.030579,-0.001,-0.001,-0.001,100*66
$DVPDL,37793000,100000,-0.004929,0.011474,-0.020989,-0.001,-0.000,-0.000,100*48
$DVPDL,37893000,100000,-0.006257,0.008470,0.002163,-0.000,0.001,-0.000,100*47
$DVPDL,37993000,100000,0.004390,-0.012897,0.018148,-0.001,0.003,-0.002,100*43
$DVPDL,38093000,100000,0.014228,-0.015135,0.011910,-0.001,0.002,-0.001,100*4E
$DVPDL,38193000,100000,0.014075,-0.003351,-0.011484,0.000,0.005,-0.002,100*47
$DVPDL,38293000,100000,0.004210,0.008958,-0.012464,0.001,0.005,-0.001,100*6E
$DVPDL,38393000,100000,0.001717,0.002054,0.004393,0.005,0.003,0.001,100*6D
$DVPDL,38493000,100000,0.006371,-0.011489,0.010724,0.006,0.002,0.003,100*4F
$DVPDL,38593000,100000,0.008918,-0.014050,0.012083,0.006,0.003,0.001,100*4B
$DVPDL,38693000,100000,0.016692,-0.014527,0.008678,0.004,0.003,0.003,100*46
$DVPDL,38793000,100000,0.016021,-0.015939,-0.004707,0.005,0.002,0.003,100*63
$DVPDL,38893000,100000,0.016801,-0.013773,-0.009087,0.005,-0.001,0.003,100*4C
$DVPDL,38993000,100000,0.014216,0.000191,-0.008112,0.007,-0.001,0.001,100*6A
$DVPDL,39093000,100000,0.015115,0.006467,-0.001687,0.008,-0.000,0.000,100*64
$DVPDL,39193000,100000,0.006076,0.004073,0.004750,0.009,0.000,-0.000,100*42
$DVPDL,39293000,100000,0.000377,0.002418,0.005155,0.010,-0.002,-0.001,100*6E
$DVPDL,39393000,100000,0.001694,-0.000787,-0.001215,0.012,-0.002,0.000,100*4C
$DVPDL,39493000,100000,0.006320,-0.005990,-0.007967,0.013,-0.002,0.001,100*43
$DVPDL,39593000,100000,0.015243,0.003146,-0.010613,0.013,-0.002,0.002,100*65
$DVPDL,39693000,100000,0.015479,0.013068,-0.010328,0.013,-0.001,0.002,100*6B
$DVPDL,39793000,100000,0.006072,0.012246,-0.012601,0.013,0.000,-0.001,100*66
$DVPDL,39893000,100000,0.000531,0.004508,-0.019154,0.014,-0.001,0.002,100*6E
$DVPDL,39993000,100000,0.004157,-0.006048,-0.004781,0.015,-0.001,0.002,100*42
$DVPDL,40093000,100000,0.012105,-0.010210,0.002328,0.014,-0.001,0.001,100*63
$DVPDL,40193000,100000,0.003817,-0.005820,0.000046,0.013,0.002,-0.001,100*68
$DVPDL,40293000,100000,0.011657,0.007072,-0.010889,0.012,0.003,-0.001,100*65
$DVPDL,40393000,100000,0.020872,0.009673,-0.029052,0.015,0.003,-0.001,100*65
$DVPDL,40493000,100000,0.020564,0.003450,-0.030531,0.015,0.002,-0.000,100*69
$DVPDL,40593000,100000,0.008336,-0.008272,-0.005771,0.015,0.001,0.001,100*6C
$DVPDL,40693000,100000,-0.002657,-0.013402,0.009587,0.016,0.000,0.001,100*69
$DVPDL,40793000,100000,0.004059,-0.011395,0.014561,0.017,0.002,0.001,100*47
$DVPDL,40893000,100000,0.004859,-0.010095,0.004734,0.016,0.002,0.001,100*40
$DVPDL,40993000,100000,-0.005566,0.014181,0.002834,0.018,0.002,-0.000,100*6A
$DVPDL,41093000,100000,-0.006692,0.009159,-0.005654,0.019,0.001,-0.001,100*41
$DVPDL,41193000,100000,0.014669,-0.004103,0.015182,0.018,0.002,-0.001,100*67
$DVPDL,41293000,100000,-0.000561,-0.010609,-0.002322,0.017,-0.001,0.001,100*60
$DVPDL,41393000,100000,-0.006986,-0.003376,-0.010833,0.017,0.002,0.000,100*4A
$DVPDL,41493000,100000,0.009485,-0.001415,0.006260,0.015,0.001,-0.001,100*6A
$DVPDL,41593000,100000,0.005187,0.003558,0.005334,0.016,-0.001,0.001,100*47
$DVPDL,41693000,100000,-0.024078,0.021378,-0.003685,0.013,0.001,0.000,100*62
$DVPDL,41793000,100000,-0.032585,0.033851,0.007547,0.011,-0.003,0.004,100*6D
$DVPDL,41893000,100000,-0.029838,0.027235,0.018921,0.020,-0.001,0.007,100*6F
$DVPDL,41993000,100000,-0.009665,0.010501,0.009531,0.021,-0.002,0.004,100*62
$DVPDL,42093000,100000,0.000792,0.000533,0.004150,0.014,-0.001,-0.001,100*66
$DVPDL,42193000,100000,0.002541,0.006356,-0.000622,0.014,0.000,-0.001,100*6D
$DVPDL,42293000,100000,-0.014185,0.006995,-0.011291,0.010,0.000,0.003,100*6A
$DVPDL,42393000,100000,-0.020740,0.014930,0.009054,0.009,-0.000,0.003,100*65
$DVPDL,42493000,100000,-0.004782,0.004370,0.017562,0.007,-0.001,0.004,100*62
$DVPDL,42593000,100000,-0.000025,-0.003367,-0.008792,0.005,-0.003,0.003,100*68
$DVPDL,42693000,100000,0.020180,-0.009135,-0.019230,0.004,-0.004,0.002,100*4F
$DVPDL,42793000,100000,0.000749,-0.002177,-0.006835,0.007,-0.004,-0.001,100*6E
$DVPDL,42893000,100000,0.015600,0.002889,0.018802,0.007,-0.003,-0.002,100*6E
$DVPDL,42993000,100000,0.010269,0.001424,0.002975,0.004,-0.003,-0.001,100*63
$DVPDL,43093000,100000,0.004529,-0.004540,-0.007029,0.004,-0.003,0.002,100*40
$DVPDL,43193000,100000,0.006316,-0.008341,0.007907,0.002,-0.003,0.002,100*6C
$DVPDL,43293000,100000,0.015021,-0.009630,0.008767,0.001,-0.003,0.003,100*6D
$DVPDL,43393000,100000,0.001133,-0.009295,-0.011586,-0.000,-0.002,0.002,100*64
$DVPDL,43493000,100000,-0.018995,-0.005604,-0.009817,0.000,-0.001,0.002,100*60
$DVPDL,43593000,100000,-0.001683,-0.000220,0.003602,0.002,0.002,0.001,100*64
$DVPDL,43693000,100000,0.003513,0.002284,0.001776,0.001,0.001,-0.000,100*4F
$DVPDL,43793000,100000,0.002685,0.004894,-0.000245,0.001,0.002,-0.001,100*65
$DVPDL,43893000,100000,-0.001830,0.004737,0.001833,0.001,0.002,-0.003,100*67
$DVPDL,43993000,100000,0.000942,0.010762,0.003968,0.000,-0.001,0.004,100*43
$DVPDL,44093000,100000,-0.003626,0.003692,-0.003651,0.002,0.002,0.003,100*61
$DVPDL,44193000,100000,0.001618,-0.002734,-0.005274,0.001,-0.003,0.005,100*4F
$DVPDL,44293000,100000,0.014435,-0.008868,0.001117,0.001,-0.002,0.004,100*66
$DVPDL,44393000,100000,0.009500,-0.002048,0.000360,-0.003,-0.000,0.000,100*46
$DVPDL,44493000,100000,0.001681,0.001876,0.000505,-0.006,0.002,-0.002,100*68
$DVPDL,44593000,100000,-0.006767,0.002103,0.004216,-0.004,-0.006,0.004,100*43
$DVPDL,44693000,100000,-0.005165,0.001988,0.003004,-0.006,0.002,-0.002,100*49
$DVPDL,44793000,100000,0.001546,0.003199,0.001951,-0.005,0.000,-0.001,100*67
$DVPDL,44893000,100000,-0.003990,0.002021,-0.001114,-0.005,0.002,-0.001,100*65
$DVPDL,44993000,100000,-0.005454,0.001871,-0.000894,-0.004,0.002,-0.001,100*68
$DVPDL,45093000,100000,0.006301,-0.001396,0.002084,-0.003,0.002,0.000,100*6B
$DVPDL,45193000,100000,-0.002867,0.002512,0.004248,-0.003,0.003,-0.000,100*44
$DVPDL,45293000,100000,-0.007045,0.002162,0.006505,0.001,0.008,-0.001,100*60
$DVPDL,45393000,100000,-0.006306,-0.004394,0.000508,-0.000,0.007,0.000,100*40
$DVPDL,45493000,100000,0.000549,-0.007693,-0.004650,-0.002,0.008,-0.001,100*66
$DVPDL,45593000,100000,0.011967,0.001165,-0.002365,-0.003,0.005,-0.003,100*49
$DVPDL,45693000,100000,-0.003583,0.009646,-0.002199,-0.002,0.006,-0.003,100*6F
$DVPDL,45793000,100000,-0.008601,0.007609,0.000358,-0.002,0.005,-0.003,100*4A
$DVPDL,45893000,100000,0.005720,0.004759,0.011834,0.001,0.010,-0.004,100*4C
$DVPDL,45993000,100000,0.010622,0.001936,0.008638,0.001,0.007,-0.003,100*43
$DVPDL,46093000,100000,0.001455,-0.001695,0.002768,0.001,0.007,-0.002,100*6F
$DVPDL,46193000,100000,-0.013741,0.006193,-0.003163,0.002,0.004,-0.002,100*4C
$DVPDL,46293000,100000,-0.011256,0.010060,-0.004121,0.002,-0.001,-0.000,100*6F
$DVPDL,46393000,100000,0.006193,0.002476,0.000058,0.001,-0.001,-0.002,100*68
$DVPDL,46493000,100000,0.003625,0.001725,0.003352,0.000,-0.001,-0.001,100*6E
$DVPDL,46593000,100000,0.001253,0.002283,0.001009,0.001,-0.001,-0.000,100*6D
$DVPDL,46693000,100000,0.003628,-0.001189,-0.007112,-0.001,-0.000,0.000,100*62
$DVPDL,46793000,100000,0.012170,0.000630,0.010395,-0.002,-0.000,-0.001,100*49
$DVPDL,46893000,100000,0.005916,-0.006964,0.007309,-0.002,0.001,-0.001,100*42
$DVPDL,46993000,100000,-0.000515,-0.009098,-0.010079,-0.002,0.001,0.000,100*62
$DVPDL,47093000,100000,0.000084,-0.001904,-0.009004,-0.002,0.001,0.001,100*4D
$DVPDL,47193000,100000,-0.005164,0.004804,-0.002652,-0.002,-0.002,0.002,100*61
$DVPDL,47293000,100000,-0.005024,0.003567,-0.001302,-0.002,-0.002,0.002,100*6B
$DVPDL,47393000,100000,0.004640,-0.000588,0.001225,-0.001,-0.002,-0.000,100*68
$DVPDL,47493000,100000,0.006995,0.000878,0.006998,-0.000,-0.001,0.000,100*60
$DVPDL,47593000,100000,-0.004437,0.002362,-0.004429,0.002,-0.012,0.006,100*4A
$DVPDL,47693000,100000,-0.000248,0.012917,-0.000058,0.000,-0.012,0.004,100*4C
$DVPDL,47793000,100000,-0.003950,-0.000687,-0.010878,0.002,-0.013,0.003,100*6B
$DVPDL,47893000,100000,-0.005188,-0.004160,-0.000010,0.005,-0.015,0.003,100*63
$DVPDL,47993000,100000,0.001600,0.002038,0.004669,0.006,-0.013,0.002,100*4E
$DVPDL,48093000,100000,0.000313,0.004295,-0.000338,0.004,-0.012,0.001,100*65
$DVPDL,48193000,100000,-0.012622,0.000833,-0.006732,0.005,-0.010,0.001,100*44
$DVPDL,48293000,100000,-0.001637,0.001902,0.005385,0.004,-0.010,0.001,100*64
$DVPDL,48393000,100000,-0.001508,0.005065,0.001705,0.001,-0.007,-0.004,100*45
$DVPDL,48493000,100000,-0.004905,0.005833,-0.001271,0.002,-0.010,0.000,100*4A
$DVPDL,48593000,100000,-0.000612,0.000739,0.000626,0.001,-0.009,0.001,100*66
$DVPDL,48693000,100000,0.003412,-0.004175,-0.000958,0.004,-0.010,0.003,100*4A
$DVPDL,48793000,100000,-0.002878,0.001717,-0.004131,0.004,-0.011,0.003,100*4F
$DVPDL,48893000,100000,0.002116,0.005593,-0.001156,0.002,-0.006,0.000,100*61
$DVPDL,48993000,100000,-0.001083,-0.004334,-0.004036,0.001,-0.004,0.000,100*67
$DVPDL,49093000,100000,0.002091,-0.001533,0.007183,0.001,-0.004,0.001,100*66
$DVPDL,49193000,100000,-0.002500,0.005038,0.002561,0.001,0.001,-0.001,100*68
$DVPDL,49293000,100000,-0.006773,0.006887,0.000400,0.001,0.003,-0.002,100*63
$DVPDL,49393000,100000,-0.002841,-0.002975,0.002257,-0.004,0.003,-0.003,100*62
$DVPDL,49493000,100000,0.002299,-0.003250,0.001055,-0.007,0.006,-0.004,100*48
$DVPDL,49593000,100000,0.006137,0.000758,0.002881,-0.005,0.008,-0.003,100*60
$DVPDL,49693000,100000,-0.003266,-0.000481,-0.004102,-0.005,0.010,-0.003,100*46
$DVPDL,49793000,100000,0.005529,-0.001927,-0.000229,-0.007,0.007,-0.001,100*68
$DVPDL,49893000,100000,-0.000784,-0.002250,-0.004392,-0.002,0.006,0.002,100*6D
$DVPDL,49993000,100000,-0.000428,0.000040,0.001291,-0.003,0.004,0.002,100*6C
$DVPDL,50093000,100000,-0.000687,0.002561,-0.000371,-0.005,0.004,0.000,100*49
$DVPDL,50193000,100000,-0.000721,0.003487,0.000172,-0.006,0.004,0.000,100*62
$DVPDL,50293000,100000,0.001149,-0.004033,-0.000692,-0.002,0.007,-0.003,100*69
$DVPDL,50393000,100000,0.004302,-0.000777,0.005038,-0.002,0.008,-0.004,100*45
$DVPDL,50493000,100000,-0.001203,0.005856,-0.000177,-0.001,0.007,-0.002,100*66
$DVPDL,50593000,100000,0.000177,-0.001046,-0.005838,0.000,0.006,-0.001,100*42
$DVPDL,50693000,100000,-0.004245,-0.003529,-0.005147,0.001,0.007,0.000,100*49
$DVPDL,50793000,100000,0.002023,0.009262,0.008148,0.001,0.008,0.001,100*6F
$DVPDL,50893000,100000,-0.002005,0.009414,0.002330,-0.001,0.007,-0.002,100*45
$DVPDL,50993000,100000,-0.001007,-0.002180,-0.003640,-0.002,0.008,-0.001,100*4A
$DVPDL,51093000,100000,0.009571,-0.006081,0.006299,0.001,0.008,0.000,100*4D
$DVPDL,51193000,100000,0.004715,0.002817,0.005210,0.000,0.006,0.001,100*63
$DVPDL,51293000,100000,-0.003977,0.004396,-0.008568,0.001,0.007,-0.000,100*40
$DVPDL,51393000,100000,0.002676,-0.000761,0.003150,-0.010,0.006,-0.004,100*47
$DVPDL,51493000,100000,0.002288,-0.004886,0.005467,-0.009,0.004,-0.003,100*4D
$DVPDL,51593000,100000,0.003406,0.002272,-0.003577,-0.006,0.004,-0.001,100*41
$DVPDL,51693000,100000,0.007338,0.007660,-0.002047,-0.003,0.004,-0.002,100*4F
$DVPDL,51793000,100000,-0.000644,0.009865,0.003778,-0.000,-0.004,0.002,100*4B
$DVPDL,51893000,100000,-0.001058,-0.002513,-0.002178,0.002,-0.006,0.002,100*63
$DVPDL,51993000,100000,-0.000764,-0.010414,-0.006430,0.003,-0.004,0.001,100*63
$DVPDL,52093000,100000,0.001263,-0.005484,0.000916,0.001,0.005,-0.004,100*6E
$DVPDL,52193000,100000,-0.004158,-0.001651,0.002489,0.001,-0.001,0.001,100*4A
$DVPDL,52293000,100000,0.000902,-0.004851,0.000133,0.001,-0.001,0.001,100*6A
$DVPDL,52393000,100000,0.004397,-0.004118,0.000157,0.002,-0.002,0.000,100*6E
$DVPDL,52493000,100000,-0.007148,0.002337,-0.002983,-0.002,-0.001,-0.003,100*4D
$DVPDL,52593000,100000,-0.009316,0.006868,-0.020032,-0.001,-0.002,-0.002,100*4C
$DVPDL,52693000,100000,0.003879,0.004378,-0.011733,-0.003,-0.002,-0.000,100*66
$DVPDL,52793000,100000,0.013825,-0.006441,0.012868,-0.005,-0.004,-0.001,100*63
$DVPDL,52893000,100000,0.001217,-0.002943,0.021181,0.002,-0.005,0.002,100*64
$DVPDL,52993000,100000,-0.012859,-0.001044,0.006965,0.005,-0.004,0.003,100*47
$DVPDL,53093000,100000,-0.013507,-0.008204,0.000356,-0.001,0.003,-0.003,100*65
$DVPDL,53193000,100000,0.007751,-0.011609,0.008167,-0.000,0.004,-0.002,100*43
$DVPDL,53293000,100000,0.013142,-0.008588,-0.000093,-0.001,0.007,-0.002,100*6E
$DVPDL,53393000,100000,0.002396,-0.005507,-0.011196,0.006,0.005,0.004,100*69
$DVPDL,53493000,100000,-0.001833,-0.002849,-0.003802,0.004,0.004,0.002,100*46
$DVPDL,53593000,100000,0.001975,0.000321,0.011647,0.004,0.000,0.001,100*65
$DVPDL,53693000,100000,-0.006352,-0.001251,-0.001530,0.004,-0.001,0.002,100*69
$DVPDL,53793000,100000,-0.000348,-0.001818,-0.001972,0.001,-0.002,0.001,100*6D
$DVPDL,53893000,100000,0.004748,-0.008425,0.002022,0.002,-0.007,0.007,100*66
$DVPDL,53993000,100000,-0.008851,-0.024709,-0.007170,0.004,-0.007,0.007,100*6A
$DVPDL,54093000,100000,-0.006525,-0.024107,-0.000534,0.002,-0.007,0.005,100*6B
$DVPDL,54193000,100000,0.004477,0.001121,0.004355,0.001,-0.007,0.002,100*41
$DVPDL,54293000,100000,-0.007206,0.009414,-0.008402,0.002,-0.007,0.001,100*43
$DVPDL,54393000,100000,-0.010565,0.003539,-0.001610,0.003,-0.006,-0.001,100*67
$DVPDL,54493000,100000,0.007191,-0.004043,0.009925,0.002,-0.004,-0.002,100*4A
$DVPDL,54593000,100000,0.000826,-0.006116,0.000362,0.002,-0.003,-0.003,100*4C
$DVPDL,54693000,100000,0.005090,-0.002052,-0.000716,0.000,-0.003,-0.004,100*65
$DVPDL,54793000,100000,0.000061,0.002805,0.005972,-0.000,-0.001,-0.004,100*43
$DVPDL,54893000,100000,-0.005770,0.001924,0.001354,-0.001,-0.001,-0.003,100*6E
$DVPDL,54993000,100000,-0.001110,0.001691,-0.001553,0.002,-0.000,-0.002,100*68
$DVPDL,55093000,100000,0.007465,0.000077,-0.003890,-0.001,-0.001,-0.002,100*6C
$DVPDL,55193000,100000,-0.001927,-0.008383,0.000130,-0.003,-0.002,-0.001,100*4F
$DVPDL,55293000,100000,-0.002892,-0.008859,0.010753,-0.002,-0.002,0.001,100*62
$DVPDL,55393000,100000,-0.006237,-0.006979,0.006100,-0.000,-0.002,0.001,100*6A
$DVPDL,55493000,100000,-0.004476,-0.000192,0.001794,0.000,0.003,-0.004,100*42
$DVPDL,55593000,100000,0.009959,0.002107,-0.004187,-0.004,0.001,-0.001,100*42
$DVPDL,55693000,100000,0.005568,0.000323,-0.000081,-0.005,0.001,-0.001,100*47
$DVPDL,55793000,100000,0.007730,0.000392,0.005421,-0.006,0.003,-0.002,100*65
$DVPDL,55893000,100000,-0.002061,0.000533,-0.004335,-0.010,0.003,0.002,100*48
$DVPDL,55993000,100000,-0.003659,0.005363,-0.001627,-0.009,0.003,0.000,100*4A
$DVPDL,56093000,100000,0.001268,0.002787,0.000041,-0.005,0.001,-0.000,100*69
$DVPDL,56193000,100000,-0.003241,-0.001030,-0.000971,-0.005,0.001,0.000,100*63
$DVPDL,56293000,100000,-0.006260,0.004596,-0.000149,-0.006,0.000,-0.000,100*6B
$DVPDL,56393000,100000,0.001000,0.000408,0.005073,-0.014,-0.001,-0.002,100*4B
$DVPDL,56493000,100000,0.001724,-0.006493,0.005033,-0.013,-0.001,0.000,100*48
$DVPDL,56593000,100000,0.007577,-0.003825,0.000798,-0.013,-0.000,-0.000,100*60
$DVPDL,56693000,100000,0.002541,0.001918,0.001241,-0.012,-0.000,0.001,100*6E
$DVPDL,56793000,100000,0.001949,-0.003188,-0.000027,-0.009,0.005,-0.001,100*67
$DVPDL,56893000,100000,0.006675,-0.006637,0.001247,-0.007,0.002,0.001,100*65
$DVPDL,56993000,100000,-0.001480,-0.001522,-0.000957,-0.006,0.004,0.001,100*67
$DVPDL,57093000,100000,-0.000418,0.000305,-0.001383,-0.006,0.001,0.002,100*44
$DVPDL,57193000,100000,-0.006318,0.000491,0.000605,-0.006,0.002,0.001,100*69
$DVPDL,57293000,100000,-0.002805,0.003588,0.004548,-0.004,0.000,0.002,100*6E
$DVPDL,57393000,100000,0.000847,-0.002844,-0.007059,-0.004,0.003,-0.001,100*61
$DVPDL,57493000,100000,0.006249,-0.000788,0.004494,-0.005,0.002,0.001,100*6F
$DVPDL,57593000,100000,-0.001949,0.000718,-0.000037,-0.005,0.003,0.000,100*4F
$DVPDL,57693000,100000,-0.002917,-0.001476,-0.004471,-0.004,0.002,0.001,100*60
$DVPDL,57793000,100000,0.000103,-0.001876,0.001563,-0.002,0.000,-0.000,100*4D
$DVPDL,57893000,100000,0.004410,0.000354,-0.001532,-0.003,-0.000,-0.002,100*61
$DVPDL,57993000,100000,0.002692,0.000008,-0.005440,-0.002,-0.003,0.001,100*48
$DVPDL,58093000,100000,0.002535,0.003305,0.003847,0.001,-0.004,0.000,100*45
$DVPDL,58193000,100000,-0.003636,0.006384,0.000973,-0.000,-0.003,0.000,100*4A
$DVPDL,58293000,100000,-0.002328,0.000705,-0.009737,-0.001,-0.002,-0.001,100*4F
$DVPDL,58393000,100000,0.005626,-0.001432,0.003644,0.000,-0.001,-0.002,100*4A
$DVPDL,58493000,100000,0.001328,-0.002848,0.001929,-0.001,-0.002,-0.000,100*6B
$DVPDL,58593000,100000,-0.000994,0.000501,-0.000653,0.000,0.002,-0.001,100*4A
$DVPDL,58693000,100000,-0.003292,-0.000086,-0.001332,0.002,-0.002,-0.001,100*4C
$DVPDL,58793000,100000,-0.001642,0.000270,-0.005063,0.004,-0.002,-0.002,100*66
$DVPDL,58893000,100000,-0.001315,0.003197,0.000038,0.003,0.007,-0.005,100*69
$DVPDL,58993000,100000,-0.001191,0.003140,0.001192,0.001,0.007,-0.004,100*6F
$DVPDL,59093000,100000,-0.003977,0.001728,-0.004415,0.000,0.007,-0.003,100*4B
$DVPDL,59193000,100000,0.002280,0.001247,0.001350,0.000,0.004,-0.001,100*46
$DVPDL,59293000,100000,0.004798,-0.001248,0.004044,0.001,0.002,0.001,100*44
$DVPDL,59393000,100000,-0.007228,0.004422,0.000100,-0.003,0.002,-0.000,100*41
$DVPDL,59493000,100000,-0.001418,0.001169,-0.001433,-0.005,-0.002,0.000,100*65
$DVPDL,59593000,100000,-0.005872,-0.001871,-0.010087,-0.004,-0.001,-0.000,100*69
$DVPDL,59693000,100000,0.002760,0.001863,0.001862,-0.006,-0.002,0.000,100*60
$DVPDL,59793000,100000,-0.002686,0.006909,0.002264,-0.005,-0.003,0.001,100*43
$DVPDL,59893000,100000,0.005630,0.000201,-0.000799,-0.003,-0.004,0.000,100*46
$DVPDL,59993000,100000,-0.001817,0.001951,-0.002481,-0.002,-0.006,0.001,100*60
$DVPDL,60093000,100000,-0.000387,-0.002945,-0.006521,-0.007,-0.005,-0.002,100*6C
$DVPDL,60193000,100000,-0.000543,-0.002550,0.005527,-0.007,-0.005,-0.000,100*41
$DVPDL,60293000,100000,-0.004858,-0.002038,0.000536,-0.007,-0.005,-0.001,100*4E
$DVPDL,60393000,100000,0.000850,0.002420,-0.000473,-0.004,-0.003,-0.002,100*65
$DVPDL,60493000,100000,0.005923,-0.000160,0.001279,-0.004,-0.003,-0.004,100*6A
$DVPDL,60593000,100000,-0.002492,0.003468,0.001812,-0.003,-0.003,-0.002,100*63
$DVPDL,60693000,100000,-0.000169,0.000967,0.000276,-0.007,0.001,-0.006,100*44
$DVPDL,60793000,100000,0.006614,-0.003409,0.002807,-0.004,0.000,-0.001,100*43
$DVPDL,60893000,100000,0.000415,-0.004936,-0.001410,-0.001,-0.002,0.002,100*6F
$DVPDL,60993000,100000,-0.003653,-0.002974,0.000041,0.000,-0.001,0.001,100*40
$DVPDL,61093000,100000,-0.003743,0.003523,0.003621,0.002,-0.000,0.001,100*6A
$DVPDL,61193000,100000,-0.000290,0.007361,0.002687,-0.001,-0.001,0.001,100*45
$DVPDL,61293000,100000,0.000793,-0.001988,0.004553,-0.002,-0.001,0.002,100*47
$DVPDL,61393000,100000,-0.005783,0.000795,0.009380,-0.001,-0.002,0.004,100*42
$DVPDL,61493000,100000,-0.001871,0.006535,-0.005669,-0.002,-0.004,0.004,100*6B
$DVPDL,61593000,100000,0.006458,0.001812,-0.008170,-0.001,-0.006,0.004,100*4B
$DVPDL,61693000,100000,0.002930,-0.000402,-0.001763,0.001,-0.007,0.003,100*48
$DVPDL,61793000,100000,-0.003203,0.005304,-0.002063,0.004,-0.006,0.002,100*46
$DVPDL,61893000,100000,0.001393,0.006767,0.000173,0.005,-0.004,-0.001,100*6E
$DVPDL,61993000,100000,-0.000222,0.003065,0.003537,0.005,-0.002,-0.001,100*49
$DVPDL,62093000,100000,-0.002184,-0.001680,-0.000729,0.009,-0.002,-0.002,100*40
$DVPDL,62193000,100000,0.002263,0.001391,-0.001860,0.011,-0.001,-0.001,100*44
$DVPDL,62293000,100000,0.001809,0.002725,0.001660,0.011,-0.002,0.000,100*46
$DVPDL,62393000,100000,0.005055,-0.002086,0.003089,0.010,-0.002,0.002,100*61
$DVPDL,62493000,100000,0.002308,-0.002755,-0.006620,0.010,0.000,0.001,100*62
$DVPDL,62593000,100000,-0.009933,-0.003061,-0.010284,0.011,0.000,0.002,100*49
$DVPDL,62693000,100000,-0.002716,0.005488,0.000400,0.009,0.004,-0.001,100*65
$DVPDL,62793000,100000,0.001562,0.008773,0.000693,0.007,0.003,0.000,100*6C
$DVPDL,62893000,100000,-0.000017,-0.000759,0.003625,0.006,0.002,0.000,100*6B
$DVPDL,62993000,100000,-0.002011,-0.007966,0.001347,0.006,0.002,0.001,100*69
$DVPDL,63093000,100000,0.007358,-0.001833,-0.000824,0.004,0.009,-0.003,100*44
$DVPDL,63193000,100000,0.002727,0.001617,0.002562,0.004,0.011,-0.003,100*40
$DVPDL,63293000,100000,-0.001277,-0.002527,0.000439,0.004,0.006,0.000,100*66
$DVPDL,63393000,100000,0.002130,0.001571,0.000459,0.012,0.010,0.002,100*60
$DVPDL,63493000,100000,0.005637,0.002381,0.003625,0.010,0.007,0.002,100*64
$DVPDL,63593000,100000,0.011617,-0.003885,0.009085,0.008,0.005,0.003,100*4D
$DVPDL,63693000,100000,-0.002566,-0.002942,-0.002095,0.005,0.009,0.000,100*4A
$DVPDL,63793000,100000,-0.001194,0.003165,-0.000198,0.010,0.006,0.002,100*67
$DVPDL,63893000,100000,-0.004061,0.002772,-0.000057,0.009,0.004,0.002,100*6F
$DVPDL,63993000,100000,0.002273,-0.000566,0.000322,0.004,0.005,-0.000,100*63
$DVPDL,64093000,100000,-0.000631,-0.005076,-0.002778,0.004,0.004,0.002,100*4B
$DVPDL,64193000,100000,0.002113,-0.002213,0.001940,0.004,0.005,0.001,100*4D
$DVPDL,64293000,100000,-0.010033,0.008425,0.004874,0.004,0.004,0.002,100*46
$DVPDL,64393000,100000,0.001190,-0.001344,-0.000258,0.002,0.004,0.002,100*6D
$DVPDL,64493000,100000,0.005456,-0.007697,-0.001730,0.002,0.010,-0.001,100*4D
$DVPDL,64593000,100000,-0.004234,-0.001179,-0.001314,0.001,0.010,-0.002,100*61
$DVPDL,64693000,100000,-0.002042,0.009552,0.006276,0.001,0.006,-0.000,100*65
$DVPDL,64793000,100000,-0.002500,0.001329,-0.007970,0.001,0.005,-0.000,100*47
$DVPDL,64893000,100000,0.004239,-0.009071,-0.000101,-0.001,0.004,-0.001,100*61
$DVPDL,64993000,100000,0.000560,-0.004276,0.006166,-0.002,0.003,-0.001,100*49
$DVPDL,65093000,100000,-0.003361,0.003203,-0.004158,-0.002,0.002,-0.002,100*60
$DVPDL,65193000,100000,0.002635,-0.008155,0.006114,-0.009,0.000,0.002,100*6C
$DVPDL,65293000,100000,0.006842,-0.012522,-0.000259,-0.009,0.001,0.002,100*4A
$DVPDL,65393000,100000,-0.008040,-0.004191,-0.025766,-0.010,0.000,0.002,100*6E
$DVPDL,65493000,100000,-0.001407,-0.002292,-0.005916,-0.015,0.001,-0.003,100*42
$DVPDL,65593000,100000,-0.004500,0.000525,0.017573,-0.013,0.003,-0.006,100*44
$DVPDL,65693000,100000,0.005093,0.019637,0.010331,-0.012,0.004,-0.009,100*62
$DVPDL,65793000,100000,-0.010326,0.013514,0.002707,-0.015,0.003,-0.008,100*4C
$DVPDL,65893000,100000,-0.006635,0.011417,0.022660,-0.018,0.001,-0.007,100*41
$DVPDL,65993000,100000,-0.005581,-0.001413,0.013930,-0.021,0.001,-0.007,100*65
$DVPDL,66093000,100000,-0.010247,-0.021704,-0.000592,-0.021,-0.007,0.000,100*4B
$DVPDL,66193000,100000,-0.002227,-0.023260,0.013670,-0.022,-0.006,0.000,100*68
$DVPDL,66293000,100000,0.004749,-0.017230,-0.000754,-0.021,-0.005,-0.001,100*4B
$DVPDL,66393000,100000,0.012134,-0.007217,-0.009469,-0.018,-0.006,-0.003,100*4A
$DVPDL,66493000,100000,0.001758,0.007454,0.019983,-0.017,-0.005,-0.003,100*46
$DVPDL,66593000,100000,-0.007477,0.012600,0.015033,-0.017,-0.004,-0.004,100*6D
$DVPDL,66693000,100000,-0.021049,0.003298,-0.025635,-0.018,-0.004,-0.004,100*47
$DVPDL,66793000,100000,-0.003786,-0.004249,-0.007829,-0.016,-0.003,-0.004,100*6E
$DVPDL,66893000,100000,0.012568,-0.008432,0.000561,-0.016,-0.000,-0.005,100*61
$DVPDL,66993000,100000,0.009038,0.004456,-0.010074,-0.014,-0.001,-0.003,100*61
$DVPDL,67093000,100000,0.000471,0.008019,-0.016182,-0.013,-0.003,-0.003,100*61
$DVPDL,67193000,100000,-0.010247,0.002733,-0.008277,-0.012,-0.002,-0.001,100*4E
$DVPDL,67293000,100000,-0.004103,-0.003019,0.001841,-0.010,-0.003,0.000,100*6C
$DVPDL,67393000,100000,0.008184,-0.001843,-0.021180,-0.009,-0.005,-0.000,100*4E
$DVPDL,67493000,100000,0.009739,-0.003869,-0.028940,-0.009,-0.006,-0.001,100*4D
$DVPDL,67593000,100000,0.000010,0.001546,-0.000613,-0.011,-0.006,-0.000,100*6D
$DVPDL,67693000,100000,-0.007256,-0.004225,-0.000419,-0.010,-0.004,-0.001,100*64
$DVPDL,67793000,100000,-0.012596,-0.005917,-0.004744,-0.011,-0.002,-0.002,100*6A
$DVPDL,67893000,100000,0.002230,-0.009403,-0.001521,-0.008,-0.004,-0.002,100*4C
$DVPDL,67993000,100000,0.000339,-0.003215,-0.001370,-0.006,-0.004,-0.002,100*40
$DVPDL,68093000,100000,-0.003343,0.003451,0.000108,-0.007,-0.003,-0.001,100*6A
$DVPDL,68193000,100000,-0.002558,0.004179,-0.004274,-0.007,-0.001,-0.001,100*4D
$DVPDL,68293000,100000,-0.007946,0.004072,0.008765,-0.008,-0.002,-0.000,100*6B
$DVPDL,68393000,100000,-0.020196,0.003368,0.009465,-0.009,0.001,-0.001,100*49
$DVPDL,68493000,100000,-0.005866,-0.002931,0.007871,-0.008,-0.001,0.001,100*63
$DVPDL,68593000,100000,0.016898,-0.008362,0.008989,-0.007,-0.001,0.001,100*4C
$DVPDL,68693000,100000,0.013741,-0.009241,0.006064,-0.009,-0.001,-0.002,100*64
$DVPDL,68793000,100000,0.007561,0.000389,-0.002541,-0.007,-0.002,-0.001,100*64
$DVPDL,68893000,100000,-0.003902,0.009837,-0.014575,-0.004,-0.001,-0.001,100*4C
$DVPDL,68993000,100000,0.002406,0.006119,-0.003030,-0.004,-0.000,-0.002,100*62
$DVPDL,69093000,100000,0.004194,-0.004503,-0.014839,-0.002,0.001,-0.002,100*6F
$DVPDL,69193000,100000,0.004284,-0.004700,-0.012078,-0.001,0.000,-0.002,100*64
$DVPDL,69293000,100000,0.004295,0.002176,0.006613,0.001,-0.001,-0.001,100*6A
$DVPDL,69393000,100000,-0.006202,-0.000889,-0.003521,0.003,-0.001,-0.002,100*47
$DVPDL,69493000,100000,-0.006445,0.003057,0.000275,0.003,-0.000,-0.001,100*4A
$DVPDL,69593000,100000,0.004590,0.001051,0.002258,0.005,-0.000,-0.002,100*61
$DVPDL,69693000,100000,-0.009630,0.003327,-0.016070,0.003,-0.001,-0.001,100*6F
$DVPDL,69793000,100000,-0.005081,0.005319,0.004606,0.005,-0.002,0.001,100*64
$DVPDL,69893000,100000,0.000206,-0.002041,0.006319,0.007,-0.002,0.001,100*61
$DVPDL,69993000,100000,0.009419,-0.002587,0.004236,0.005,-0.000,-0.000,100*4C
$DVPDL,70093000,100000,0.006988,-0.000682,-0.002973,0.004,0.001,0.001,100*63
$DVPDL,70193000,100000,-0.002656,-0.001075,-0.005512,0.005,0.000,0.005,100*40
$DVPDL,70293000,100000,0.002290,-0.005512,0.000410,-0.000,0.002,0.005,100*61
$DVPDL,70393000,100000,0.003008,-0.003692,0.001930,-0.001,-0.003,0.006,100*4F
$DVPDL,70493000,100000,0.002330,0.000901,0.004346,0.000,-0.003,0.003,100*4D
$DVPDL,70593000,100000,-0.003318,-0.000694,-0.000365,0.001,-0.002,0.002,100*6D
$DVPDL,70693000,100000,0.002359,0.002180,0.007469,0.001,-0.002,0.001,100*48
$DVPDL,70793000,100000,0.006729,-0.000611,0.004715,-0.003,-0.000,-0.001,100*65
$DVPDL,70893000,100000,0.008671,-0.008138,-0.012823,-0.006,-0.001,-0.001,100*48
$DVPDL,70993000,100000,-0.002821,-0.001914,-0.014998,-0.006,0.000,-0.001,100*41
$DVPDL,71093000,100000,-0.000950,0.000324,0.017614,-0.005,-0.002,-0.000,100*61
$DVPDL,71193000,100000,0.013543,-0.014993,0.025896,-0.005,-0.002,0.001,100*46
$DVPDL,71293000,100000,-0.002712,-0.008707,-0.010722,-0.006,-0.001,0.002,100*48
$DVPDL,71393000,100000,0.001590,0.007216,-0.001050,-0.002,-0.002,0.004,100*4B
$DVPDL,71493000,100000,-0.005231,0.005900,0.002026,-0.003,-0.001,0.001,100*4F
$DVPDL,71593000,100000,-0.003207,-0.004729,0.001995,-0.003,0.001,0.000,100*4A
$DVPDL,71693000,100000,0.000732,-0.005199,0.003087,-0.003,0.002,-0.000,100*4E
$DVPDL,71793000,100000,0.000237,0.001846,0.000893,-0.004,0.003,-0.001,100*64
$DVPDL,71893000,100000,0.000696,-0.001188,0.003108,-0.002,0.003,-0.001,100*4C
$DVPDL,71993000,100000,0.000886,-0.004459,0.000766,-0.002,0.002,-0.001,100*42
$DVPDL,72093000,100000,0.000189,-0.001454,-0.002446,-0.002,0.001,0.000,100*47
$DVPDL,72193000,100000,-0.001877,0.000532,-0.000380,-0.003,0.000,0.000,100*40
$DVPDL,72293000,100000,-0.003195,0.000960,0.001891,-0.003,-0.001,0.001,100*45
$DVPDL,72393000,100000,0.001305,0.000721,-0.000953,-0.002,0.000,-0.001,100*48
$DVPDL,72493000,100000,-0.000106,0.003400,-0.000138,-0.001,0.001,-0.002,100*65
$DVPDL,72593000,100000,-0.001552,0.000788,0.000962,-0.001,0.001,-0.000,100*48
$DVPDL,72693000,100000,-0.004393,0.002798,0.003796,-0.003,0.002,0.002,100*6E
$DVPDL,72793000,100000,-0.003975,0.002419,0.002117,-0.003,0.001,0.002,100*6D
$DVPDL,72893000,100000,-0.003107,0.004867,-0.006289,-0.002,0.001,0.001,100*43
$DVPDL,72993000,100000,-0.001200,0.001979,-0.003386,-0.002,0.001,0.002,100*47
$DVPDL,73093000,100000,0.001817,-0.004531,0.006083,-0.001,-0.001,0.002,100*46
$DVPDL,73193000,100000,0.000417,-0.002508,0.007257,-0.002,-0.002,0.001,100*4F
$DVPDL,73293000,100000,-0.004320,0.000746,0.002814,-0.001,-0.001,0.001,100*49
$DVPDL,73393000,100000,-0.005072,0.002843,-0.000359,-0.001,-0.001,0.001,100*68
$DVPDL,73493000,100000,0.000097,0.001002,-0.000008,0.001,-0.001,0.001,100*68
$DVPDL,73593000,100000,0.003852,-0.002667,-0.000391,-0.000,-0.001,-0.000,100*43
$DVPDL,73693000,100000,0.001670,-0.003314,0.000099,0.000,0.001,-0.001,100*6B
$DVPDL,73793000,100000,0.000811,0.000996,0.003342,0.000,0.001,-0.000,100*4B
$DVPDL,73893000,100000,0.001235,0.001246,-0.000681,0.001,0.001,-0.001,100*6A
$DVPDL,73993000,100000,0.001343,0.000432,-0.001296,0.002,0.002,-0.001,100*6C
$DVPDL,74093000,100000,0.001232,-0.001725,-0.001834,0.001,0.001,-0.001,100*4E
$DVPDL,74193000,100000,-0.002464,-0.001310,-0.003970,-0.000,0.002,-0.002,100*49
$DVPDL,74293000,100000,-0.002198,0.005951,0.001679,0.003,0.001,-0.002,100*6E
$DVPDL,74393000,100000,0.000338,0.005446,0.002680,0.003,0.002,-0.002,100*45
$DVPDL,74493000,100000,-0.002671,0.003411,-0.000253,0.002,0.002,-0.000,100*47
$DVPDL,74593000,100000,0.000823,0.002299,-0.000561,0.002,0.002,-0.001,100*60
$DVPDL,74693000,100000,-0.000853,0.001207,-0.001270,0.002,0.000,0.000,100*65
$DVPDL,74793000,100000,0.001562,0.000485,0.003458,0.002,0.002,-0.000,100*46
$DVPDL,74893000,100000,-0.001749,-0.000153,0.000943,-0.002,-0.001,-0.001,100*4A
$DVPDL,74993000,100000,-0.000792,-0.000754,0.000397,-0.003,-0.001,-0.001,100*4F
$DVPDL,75093000,100000,-0.000654,-0.000026,-0.000265,-0.001,-0.000,0.001,100*41
$DVPDL,75193000,100000,0.001037,-0.000760,-0.001048,-0.002,-0.002,0.002,100*64
$DVPDL,75293000,100000,-0.000981,-0.002117,-0.002681,-0.002,-0.003,0.002,100*4A
$DVPDL,75393000,100000,-0.000862,0.004837,-0.001217,-0.002,-0.003,0.001,100*6C
$DVPDL,75493000,100000,-0.003181,0.001255,-0.000098,-0.002,-0.003,0.001,100*63
$DVPDL,75593000,100000,0.000279,-0.006332,-0.004704,-0.002,-0.004,0.002,100*60
$DVPDL,75693000,100000,0.002727,0.001361,-0.004052,-0.001,-0.004,-0.000,100*6B
$DVPDL,75793000,100000,0.000522,0.008627,0.004579,-0.003,-0.005,0.000,100*6E
$DVPDL,75893000,100000,0.001699,-0.004209,0.005955,-0.000,-0.004,-0.001,100*67
$DVPDL,75993000,100000,0.004843,-0.007812,0.002066,0.001,-0.002,0.000,100*61
$DVPDL,76093000,100000,0.000925,0.001364,-0.004300,-0.001,-0.003,-0.000,100*66
$DVPDL,76193000,100000,-0.000007,0.010232,0.000368,-0.003,0.018,-0.010,100*42
$DVPDL,76293000,100000,-0.002630,0.001067,0.004529,-0.005,0.015,-0.004,100*4A
$DVPDL,76393000,100000,-0.005590,-0.007198,0.003858,-0.004,0.017,-0.005,100*61
$DVPDL,76493000,100000,0.004938,-0.006046,-0.007898,-0.006,0.015,-0.005,100*62
$DVPDL,76593000,100000,-0.009221,0.011593,-0.015660,-0.006,0.013,-0.003,100*6C
$DVPDL,76693000,100000,0.008764,0.013428,0.013718,-0.004,0.012,-0.001,100*60
$DVPDL,76793000,100000,0.009694,-0.005891,0.003472,0.013,0.010,0.008,100*49
$DVPDL,76893000,100000,0.003591,-0.005557,0.001404,0.012,0.008,0.005,100*4B
$DVPDL,76993000,100000,-0.003320,0.008162,0.009873,0.010,0.008,0.003,100*49
$DVPDL,77093000,100000,-0.001827,0.001050,-0.000769,0.011,0.008,0.002,100*66
$DVPDL,77193000,100000,0.000546,-0.008235,-0.003521,0.013,0.006,0.003,100*64
$DVPDL,77293000,100000,0.005940,-0.006933,0.000103,0.009,0.007,0.003,100*4B
$DVPDL,77393000,100000,0.001218,-0.003726,-0.010758,0.010,0.010,0.002,100*6C
$DVPDL,77493000,100000,-0.007203,-0.001339,-0.000200,0.008,0.011,0.001,100*40
$DVPDL,77593000,100000,-0.002273,-0.005828,0.006284,0.005,0.012,-0.001,100*48
$DVPDL,77693000,100000,0.002664,-0.003821,-0.017606,0.005,0.009,0.001,100*6F
$DVPDL,77793000,100000,-0.000653,0.008548,-0.011917,0.004,0.010,-0.002,100*4F
$DVPDL,77893000,100000,0.003656,0.014304,0.014546,0.004,0.008,-0.002,100*41
$DVPDL,77993000,100000,-0.000275,0.003693,0.007268,0.006,0.007,-0.000,100*60
$DVPDL,78093000,100000,0.002047,-0.002954,0.007360,0.003,0.005,-0.001,100*6D
$DVPDL,78193000,100000,0.001079,0.000880,0.006330,0.000,0.005,-0.002,100*41
$DVPDL,78293000,100000,-0.004008,0.001835,-0.001256,-0.011,0.003,-0.005,100*64
$DVPDL,78393000,100000,-0.000715,-0.000528,0.003088,-0.007,-0.003,-0.001,100*47
$DVPDL,78493000,100000,-0.003178,-0.000926,-0.003621,-0.005,-0.004,0.001,100*4C
$DVPDL,78593000,100000,-0.000219,-0.006136,-0.006058,-0.005,-0.006,0.002,100*49
$DVPDL,78693000,100000,0.001174,-0.006783,0.004548,-0.003,-0.005,0.001,100*4B
$DVPDL,78793000,100000,-0.001296,0.002655,0.005070,-0.004,-0.005,0.000,100*42
$DVPDL,78893000,100000,0.000269,0.000303,-0.003674,-0.011,-0.010,0.005,100*49
$DVPDL,78993000,100000,-0.000861,-0.001759,-0.003194,-0.009,-0.010,0.003,100*46
$DVPDL,79093000,100000,0.000825,-0.002874,-0.003521,-0.007,-0.009,0.003,100*6C
$DVPDL,79193000,100000,-0.006030,0.003952,-0.008368,-0.007,-0.009,0.002,100*62
$DVPDL,79293000,100000,-0.001336,0.004884,0.009953,-0.005,-0.007,0.001,100*4F
$DVPDL,79393000,100000,0.011274,-0.005443,0.000736,-0.004,-0.010,0.003,100*4F
$DVPDL,79493000,100000,-0.003677,-0.004981,-0.015373,-0.006,-0.009,0.003,100*45
$DVPDL,79593000,100000,0.006826,0.009151,0.019334,0.004,-0.008,0.005,100*49
$DVPDL,79693000,100000,-0.002189,0.004788,0.004583,0.003,-0.006,0.002,100*68
$DVPDL,79793000,100000,-0.005296,-0.004965,-0.000362,0.002,-0.007,0.002,100*63
$DVPDL,79893000,100000,0.003854,-0.001142,0.002559,0.001,-0.006,0.001,100*6B
$DVPDL,79993000,100000,0.003561,0.000809,-0.003923,0.002,-0.006,0.001,100*65
$DVPDL,80093000,100000,-0.011098,0.002568,-0.006918,0.003,-0.004,0.001,100*41
$DVPDL,80193000,100000,0.003767,0.000196,0.010868,0.000,-0.002,0.000,100*46
$DVPDL,80293000,100000,0.009141,-0.002772,-0.003305,-0.000,0.002,-0.001,100*6D
$DVPDL,80393000,100000,-0.001276,0.001027,-0.008175,-0.001,0.000,-0.001,100*6A
$DVPDL,80493000,100000,-0.001467,-0.002222,0.004405,0.000,0.000,0.001,100*60
$DVPDL,80593000,100000,0.003474,-0.006188,0.001687,-0.001,-0.000,0.001,100*47
$DVPDL,80693000,100000,0.001984,-0.003169,-0.000925,0.001,0.000,0.000,100*64
$DVPDL,80793000,100000,-0.001353,0.004612,0.002970,0.000,0.004,-0.001,100*6F
$DVPDL,80893000,100000,-0.002124,0.000525,-0.002679,0.002,0.007,-0.001,100*48
$DVPDL,80993000,100000,-0.000645,-0.001833,-0.001429,0.002,0.009,-0.004,100*62
$DVPDL,81093000,100000,-0.000467,0.001593,0.000010,0.001,0.008,-0.003,100*65
$DVPDL,81193000,100000,-0.000904,-0.000329,0.000895,0.003,0.009,-0.002,100*40
$DVPDL,81293000,100000,0.000273,-0.001399,0.000421,0.004,0.013,-0.002,100*60
$DVPDL,81393000,100000,-0.003983,0.000018,-0.003087,0.002,0.012,-0.002,100*4C
$DVPDL,81493000,100000,-0.006273,-0.000095,0.001495,0.002,0.010,-0.001,100*4B
$DVPDL,81593000,100000,0.003496,0.001584,0.005407,0.002,0.010,-0.001,100*49
$DVPDL,81693000,100000,0.000343,0.004432,-0.005220,0.002,0.008,-0.001,100*68
$DVPDL,81793000,100000,-0.002916,0.001691,0.002762,0.002,0.006,-0.000,100*64
$DVPDL,81893000,100000,-0.001665,-0.000178,0.005686,0.004,0.005,-0.002,100*44
$DVPDL,81993000,100000,0.002349,0.000055,0.001183,0.003,0.004,-0.001,100*40
$DVPDL,82093000,100000,0.001018,0.002097,0.000763,0.004,0.003,-0.000,100*4A
$DVPDL,82193000,100000,0.000037,0.002585,-0.001160,0.003,0.002,-0.001,100*6F
$DVPDL,82293000,100000,-0.001025,0.000373,-0.001811,0.002,0.003,-0.002,100*42
$DVPDL,82393000,100000,0.006789,-0.003112,0.000737,0.003,0.003,0.000,100*4A
$DVPDL,82493000,100000,-0.000754,0.000026,-0.003124,0.005,0.002,0.001,100*62
$DVPDL,82593000,100000,-0.001738,0.000235,0.001053,0.004,-0.001,0.002,100*6A
$DVPDL,82693000,100000,-0.004508,0.001501,-0.002063,0.001,-0.000,0.003,100*44
$DVPDL,82793000,100000,-0.000327,-0.001959,0.001549,-0.000,0.000,-0.000,100*6A
$DVPDL,82893000,100000,-0.000132,-0.003588,0.000434,-0.000,-0.001,0.000,100*6A
$DVPDL,82993000,100000,0.001805,-0.001822,0.000259,0.003,-0.001,0.001,100*67
$DVPDL,83093000,100000,0.002710,-0.000838,-0.003152,0.004,-0.001,0.001,100*4C
$DVPDL,83193000,100000,-0.008189,-0.001983,-0.004436,0.002,-0.003,0.001,100*68
$DVPDL,83293000,100000,0.002964,0.006333,-0.006801,0.004,-0.003,0.001,100*60
$DVPDL,83393000,100000,0.002679,0.007473,-0.010913,0.005,-0.004,0.001,100*63
$DVPDL,83493000,100000,-0.000026,-0.006088,0.016682,0.006,-0.003,0.000,100*42
$DVPDL,83593000,100000,-0.001114,-0.001941,0.004337,0.004,-0.003,-0.000,100*6E
$DVPDL,83693000,100000,0.002996,0.002171,-0.001877,0.004,-0.005,0.002,100*6A
$DVPDL,83793000,100000,0.000667,-0.002449,0.001695,0.003,-0.004,0.002,100*62
$DVPDL,83893000,100000,-0.000896,-0.007085,0.003406,0.001,-0.003,0.000,100*4C
$DVPDL,83993000,100000,0.000052,-0.000542,0.001042,0.000,-0.004,-0.000,100*44
$DVPDL,84093000,100000,0.000222,0.000188,-0.002203,0.005,0.000,0.001,100*49
$DVPDL,84193000,100000,-0.002313,-0.002801,0.000414,0.005,0.001,0.001,100*6D
$DVPDL,84293000,100000,0.000211,-0.000352,0.004055,0.007,0.001,-0.002,100*64
$DVPDL,84393000,100000,-0.000194,0.000467,-0.002084,0.003,0.001,-0.000,100*4B
$DVPDL,84493000,100000,0.000147,0.000074,0.000770,-0.001,0.003,-0.002,100*65
$DVPDL,84593000,100000,-0.002547,0.000919,0.001843,-0.001,0.002,-0.002,100*42
$DVPDL,84693000,100000,-0.000824,-0.001133,0.001713,-0.001,0.003,-0.002,100*6C
$DVPDL,84793000,100000,-0.000489,-0.000603,0.000665,-0.001,0.003,-0.002,100*62
$DVPDL,84893000,100000,0.001786,0.001689,-0.000068,-0.001,0.004,-0.002,100*42
$DVPDL,84993000,100000,-0.005586,0.000347,-0.000321,-0.006,0.005,-0.000,100*64
$DVPDL,85093000,100000,0.006793,-0.004971,0.006843,-0.007,0.002,0.000,100*6D
$DVPDL,85193000,100000,0.004183,-0.002672,-0.006163,-0.004,0.001,-0.000,100*68
$DVPDL,85293000,100000,-0.010038,0.003141,0.000528,-0.004,0.002,0.001,100*66
$DVPDL,85393000,100000,-0.000254,0.002430,0.007138,-0.005,0.000,0.001,100*6D
$DVPDL,85493000,100000,0.003217,-0.001555,-0.010196,-0.005,-0.001,-0.001,100*41
$DVPDL,85593000,100000,-0.004126,0.001496,-0.009411,-0.001,-0.001,-0.002,100*4D
$DVPDL,85693000,100000,0.001639,-0.000598,0.015313,-0.000,-0.000,-0.000,100*6B
$DVPDL,85793000,100000,0.005407,-0.007375,0.012227,-0.001,-0.002,0.001,100*4D
$DVPDL,85893000,100000,-0.000429,0.003865,-0.013830,0.005,-0.002,-0.001,100*61
$DVPDL,85993000,100000,-0.002829,0.010917,-0.006405,0.006,-0.001,-0.001,100*66
$DVPDL,86093000,100000,0.001205,-0.003690,0.004555,0.009,-0.002,-0.001,100*4E
$DVPDL,86193000,100000,-0.006323,-0.003802,-0.000138,0.007,-0.003,-0.000,100*4D
$DVPDL,86293000,100000,-0.003861,0.008691,0.001259,0.007,-0.002,-0.000,100*4D
$DVPDL,86393000,100000,0.002700,0.000566,-0.002228,0.007,-0.004,0.001,100*69