$DVPDL,83093000,100000,0.000178,0.001423,-0.002622,0.003,-0.003,0.001,100*68
$DVPDL,83193000,100000,-0.000413,0.002150,-0.002281,0.001,-0.003,0.002,100*42
$DVPDL,83293000,100000,0.000010,0.000564,0.000415,0.001,-0.003,0.002,100*4E
$DVPDL,83393000,100000,0.000817,-0.000277,0.000028,0.002,-0.003,0.001,100*62
$DVPDL,83493000,100000,0.000437,0.002212,-0.000626,-0.002,-0.001,0.001,100*4D
$DVPDL,83593000,100000,0.000300,0.000326,-0.001373,-0.001,-0.001,0.001,100*4C
$DVPDL,83693000,100000,0.000189,-0.001798,0.001550,-0.002,0.000,0.002,100*67
$DVPDL,83793000,100000,-0.002727,-0.001050,0.000588,-0.002,-0.001,0.001,100*63
$DVPDL,83893000,100000,-0.003219,-0.000394,0.000444,-0.003,-0.001,0.003,100*6D
$DVPDL,83993000,100000,-0.001858,-0.000426,-0.000019,-0.001,0.000,0.003,100*60
$DVPDL,84093000,100000,-0.001629,-0.002929,0.001464,-0.001,-0.000,0.002,100*68
$DVPDL,84193000,100000,-0.000747,-0.001680,0.005036,-0.002,0.001,0.003,100*47
$DVPDL,84293000,100000,0.001231,0.000271,0.001485,-0.001,0.002,0.002,100*43
$DVPDL,84393000,100000,0.000553,0.002946,-0.001212,0.001,-0.001,-0.000,100*44
$DVPDL,84493000,100000,0.003132,0.000220,0.000815,0.001,-0.002,-0.001,100*69
$DVPDL,84593000,100000,0.002782,0.000601,-0.000574,-0.001,-0.000,-0.002,100*68
$DVPDL,84693000,100000,0.001952,0.000589,-0.003866,-0.003,-0.000,0.000,100*48
$DVPDL,84793000,100000,0.001469,0.000189,-0.000416,-0.003,-0.000,0.002,100*42
$DVPDL,84893000,100000,0.001827,0.000079,0.001071,-0.002,-0.000,0.002,100*6D
$DVPDL,84993000,100000,-0.000672,-0.000233,-0.003392,-0.002,-0.001,0.001,100*4C
$DVPDL,85093000,100000,-0.002447,0.000314,-0.002191,-0.001,-0.001,0.001,100*68
$DVPDL,85193000,100000,0.000331,-0.001777,0.003464,-0.001,-0.001,0.001,100*4E
$DVPDL,85293000,100000,-0.000429,-0.001110,0.000856,-0.003,-0.001,0.002,100*66
$DVPDL,85393000,100000,-0.001888,0.000325,-0.001797,-0.005,0.000,0.002,100*4D
$DVPDL,85493000,100000,0.000453,-0.001264,0.001261,-0.004,0.001,0.002,100*65
$DVPDL,85593000,100000,-0.000062,-0.000392,-0.000258,-0.003,0.001,0.002,100*67
$DVPDL,85693000,100000,-0.000162,0.000219,-0.000012,-0.004,0.003,0.000,100*41
$DVPDL,85793000,100000,0.000088,-0.002496,0.003109,-0.003,0.003,-0.001,100*48
$DVPDL,85893000,100000,0.000767,-0.001715,0.001010,-0.004,0.002,-0.001,100*47
$DVPDL,85993000,100000,0.001197,0.003412,-0.001864,-0.004,0.002,-0.000,100*42
$DVPDL,86093000,100000,0.002157,-0.000084,-0.001653,-0.003,0.002,-0.000,100*6F
$DVPDL,86193000,100000,-0.000562,-0.001643,-0.000219,-0.003,0.004,-0.002,100*40
$DVPDL,86293000,100000,-0.000622,0.000134,0.001896,-0.001,0.004,-0.001,100*4F
$DVPDL,86393000,100000,-0.000587,-0.000607,0.001107,0.001,0.003,-0.001,100*43
$DVPDL,86493000,100000,-0.000173,0.001544,-0.001101,0.007,0.003,0.002,100*60
$DVPDL,86593000,100000,-0.000385,0.002451,-0.004366,0.006,0.003,0.003,100*6A
$DVPDL,86693000,100000,-0.000087,0.002801,-0.002408,0.005,0.002,0.002,100*6B
$DVPDL,86793000,100000,-0.002014,-0.001535,0.000897,0.003,0.002,-0.000,100*4A
$DVPDL,86893000,100000,-0.002331,-0.006477,0.002904,0.006,0.000,0.001,100*63
$DVPDL,86993000,100000,0.004136,-0.010208,-0.000348,0.006,0.000,0.001,100*68
$DVPDL,87093000,100000,-0.000677,-0.005757,-0.004693,0.003,0.000,0.001,100*42
$DVPDL,87193000,100000,0.002244,0.000488,-0.006776,0.003,0.001,-0.000,100*64
$DVPDL,87293000,100000,0.001458,0.004145,-0.007250,0.003,-0.000,0.000,100*6E
$DVPDL,87393000,100000,0.000540,0.001277,-0.005233,0.002,0.001,-0.000,100*66
$DVPDL,87493000,100000,0.000765,-0.002062,-0.001170,0.002,0.001,-0.001,100*4D
$DVPDL,87593000,100000,0.001619,-0.002470,0.002402,0.001,0.002,-0.001,100*6E
$DVPDL,87693000,100000,-0.000028,0.001556,-0.002243,0.002,0.001,-0.000,100*41
$DVPDL,87793000,100000,-0.000466,0.000400,-0.002424,0.000,0.001,-0.000,100*48
$DVPDL,87893000,100000,-0.000269,-0.000547,0.000018,-0.000,-0.001,0.001,100*69
$DVPDL,87993000,100000,0.000659,-0.000053,-0.000046,-0.001,-0.000,0.000,100*65
$DVPDL,88093000,100000,-0.000558,0.000807,-0.000255,-0.001,0.000,0.001,100*44
$DVPDL,88193000,100000,-0.001200,0.000039,-0.000176,-0.000,-0.002,0.000,100*66
$DVPDL,88293000,100000,-0.002601,0.000305,0.002639,-0.002,-0.003,-0.001,100*63
$DVPDL,88393000,100000,-0.002266,-0.001802,0.001689,-0.000,-0.001,0.002,100*61
$DVPDL,88493000,100000,-0.000307,-0.000288,0.002358,0.002,-0.002,0.001,100*4E
$DVPDL,88593000,100000,0.000000,-0.000000,-0.000000,0.003,-0.003,0.001,100*45
$DVPDL,88693000,100000,0.000729,-0.000425,0.001608,0.003,-0.003,-0.000,100*47
$DVPDL,88793000,100000,-0.000604,-0.000108,0.000054,0.003,-0.003,0.000,100*4C
$DVPDL,88893000,100000,0.001439,-0.000352,0.002048,0.004,-0.003,0.002,100*64
$DVPDL,88993000,100000,0.000111,-0.000044,0.000276,0.001,-0.003,0.002,100*67
$DVPDL,89093000,100000,-0.000001,-0.000018,-0.000436,0.003,-0.002,0.004,100*61
$DVPDL,89193000,100000,0.000002,-0.001084,0.000207,0.005,-0.003,0.002,100*62
$DVPDL,89293000,100000,0.000113,-0.001964,0.000079,0.000,-0.003,0.002,100*69
$DVPDL,89393000,100000,0.000607,-0.003743,-0.000723,-0.001,-0.002,0.002,100*6B
$DVPDL,89493000,100000,0.000398,-0.001045,0.002610,0.003,0.000,-0.000,100*6D
$DVPDL,89593000,100000,-0.000819,0.000562,0.000411,0.002,0.001,-0.001,100*6F
$DVPDL,89693000,100000,-0.000131,-0.000854,0.007409,-0.000,-0.000,0.003,100*68
$DVPDL,89793000,100000,0.005608,0.001566,0.017830,0.002,0.001,0.002,100*69
$DVPDL,89893000,100000,0.001336,0.003541,0.006217,0.002,-0.001,0.001,100*4C
$DVPDL,89993000,100000,0.000499,-0.001324,0.004421,0.002,-0.001,0.000,100*64
$DVPDL,90093000,100000,0.003708,-0.014281,-0.014845,-0.002,-0.000,0.001,100*68
$DVPDL,90193000,100000,-0.001646,-0.018015,-0.006418,-0.000,-0.001,-0.001,100*67
$DVPDL,90293000,100000,-0.000851,-0.004095,0.009222,-0.001,-0.000,-0.001,100*45
$DVPDL,90393000,100000,-0.003642,0.006962,0.012900,-0.004,-0.001,0.000,100*4C
$DVPDL,90493000,100000,0.001219,0.013942,0.006855,-0.006,-0.001,-0.003,100*40
$DVPDL,90593000,100000,0.008032,0.017748,-0.006765,-0.007,-0.002,-0.004,100*67
$DVPDL,90693000,100000,0.004700,0.006918,-0.026831,-0.008,-0.003,-0.004,100*67
$DVPDL,90793000,100000,0.004974,0.006870,-0.009475,-0.007,-0.004,-0.004,100*6D
$DVPDL,90893000,100000,0.000682,0.002708,0.005234,-0.005,-0.004,-0.003,100*43
$DVPDL,90993000,100000,-0.008581,-0.012412,0.002279,-0.007,-0.002,-0.001,100*4B
$DVPDL,91093000,100000,-0.003177,-0.018725,0.018124,-0.010,-0.002,-0.000,100*4F
$DVPDL,91193000,100000,0.002618,-0.007244,0.018911,-0.009,-0.002,0.000,100*4B
$DVPDL,91293000,100000,0.007297,-0.001560,0.008481,-0.003,-0.003,-0.001,100*6B
$DVPDL,91393000,100000,-0.001322,0.005049,-0.008005,-0.004,-0.003,0.001,100*66
$DVPDL,91493000,100000,-0.000517,0.003495,-0.007967,-0.005,-0.003,0.002,100*63
$DVPDL,91593000,100000,-0.000743,-0.001677,0.000106,-0.005,-0.003,0.002,100*65
$DVPDL,91693000,100000,-0.000222,-0.005603,0.002515,-0.004,-0.001,0.001,100*67
$DVPDL,91793000,100000,-0.002327,-0.000791,-0.007669,-0.008,-0.002,0.004,100*45
$DVPDL,91893000,100000,-0.004226,-0.001637,-0.021940,-0.005,-0.001,0.002,100*48
$DVPDL,91993000,100000,-0.004822,-0.000149,-0.007945,-0.004,-0.003,0.001,100*49
$DVPDL,92093000,100000,0.000646,0.006185,0.006609,-0.003,0.001,-0.000,100*62
$DVPDL,92193000,100000,0.005214,0.000673,0.018102,-0.005,0.000,-0.000,100*69
$DVPDL,92293000,100000,0.004194,0.000936,0.016513,-0.004,0.000,-0.001,100*64
$DVPDL,92393000,100000,-0.000890,-0.003945,0.009741,-0.003,-0.000,-0.000,100*4B
$DVPDL,92493000,100000,-0.003231,-0.001871,0.013950,-0.002,0.001,-0.001,100*63
$DVPDL,92593000,100000,-0.002072,-0.002231,0.013096,-0.002,0.001,-0.001,100*68
$DVPDL,92693000,100000,-0.005196,0.003192,-0.006697,-0.001,0.003,-0.000,100*6F
$DVPDL,92793000,100000,-0.000008,0.014314,-0.015381,-0.004,-0.000,-0.001,100*4D
$DVPDL,92893000,100000,0.009427,0.012344,-0.005439,-0.002,-0.002,-0.001,100*6D
$DVPDL,92993000,100000,0.006647,0.002655,0.007362,-0.002,-0.002,-0.001,100*45
$DVPDL,93093000,100000,0.000383,-0.008607,0.015048,0.000,-0.001,0.000,100*6E
$DVPDL,93193000,100000,-0.002343,-0.012776,0.014456,0.002,-0.002,0.002,100*49
$DVPDL,93293000,100000,-0.002009,-0.009891,0.006368,0.005,-0.000,-0.001,100*69
$DVPDL,93393000,100000,-0.000422,0.005891,-0.002963,0.006,-0.001,-0.000,100*6D
$DVPDL,93493000,100000,0.001372,0.006003,-0.007509,0.006,-0.002,-0.001,100*43
$DVPDL,93593000,100000,-0.000912,-0.002208,-0.002011,0.003,-0.001,-0.000,100*4C
$DVPDL,93693000,100000,-0.004096,-0.003870,0.000181,-0.001,-0.000,0.003,100*6D
$DVPDL,93793000,100000,-0.000229,-0.000135,0.000609,-0.002,0.004,0.001,100*4A
$DVPDL,93893000,100000,0.004821,-0.002000,0.003870,0.001,0.004,-0.001,100*6B
$DVPDL,93993000,100000,0.002202,0.000085,-0.003234,0.002,0.003,-0.002,100*65
$DVPDL,94093000,100000,-0.000712,0.001216,-0.000579,0.003,0.004,-0.003,100*43
$DVPDL,94193000,100000,0.003104,-0.003173,0.008716,0.002,0.003,-0.003,100*6A
$DVPDL,94293000,100000,0.000408,-0.004621,-0.002451,0.001,0.004,-0.001,100*45
$DVPDL,94393000,100000,-0.001145,0.003351,-0.003253,-0.001,0.003,-0.002,100*60
$DVPDL,94493000,100000,0.001317,0.001366,0.000064,-0.003,0.002,0.001,100*4C
$DVPDL,94593000,100000,0.003255,-0.002900,0.001153,-0.000,0.002,-0.001,100*46
$DVPDL,94693000,100000,-0.003587,0.003165,0.002067,0.003,0.001,-0.001,100*6F
$DVPDL,94793000,100000,-0.000845,0.001677,-0.002012,0.001,0.000,0.000,100*68
$DVPDL,94893000,100000,-0.002744,-0.001005,0.004579,0.001,0.000,0.001,100*67
$DVPDL,94993000,100000,0.003144,-0.004746,0.003725,-0.000,0.000,0.002,100*6A
$DVPDL,95093000,100000,0.007116,-0.000111,-0.001852,-0.001,0.002,0.002,100*42
$DVPDL,95193000,100000,-0.001069,0.001220,-0.003629,-0.002,-0.002,0.003,100*63
$DVPDL,95293000,100000,0.000006,-0.004136,0.003054,-0.004,-0.001,0.001,100*4F
$DVPDL,95393000,100000,-0.000659,-0.001492,0.004797,0.000,-0.000,-0.001,100*6B
$DVPDL,95493000,100000,0.000700,-0.000576,-0.002067,0.002,-0.001,-0.000,100*67
$DVPDL,95593000,100000,0.002063,0.002564,-0.003089,-0.000,0.000,-0.001,100*49
$DVPDL,95693000,100000,0.000244,0.002618,-0.002138,-0.001,-0.002,0.002,100*4D
$DVPDL,95793000,100000,-0.001973,-0.000005,0.000616,0.001,-0.002,0.001,100*40
$DVPDL,95893000,100000,-0.000038,-0.001435,0.003913,0.001,-0.001,0.001,100*44
$DVPDL,95993000,100000,0.000309,-0.000136,0.001804,0.002,-0.004,0.001,100*6D
$DVPDL,96093000,100000,0.000570,0.000206,-0.001705,0.003,-0.004,-0.001,100*4D
$DVPDL,96193000,100000,0.000002,0.003164,-0.002589,0.003,-0.004,-0.001,100*4D
$DVPDL,96293000,100000,0.003058,0.004378,-0.003231,0.004,-0.002,0.000,100*62
$DVPDL,96393000,100000,0.000727,0.002784,-0.001153,0.002,0.001,-0.001,100*6F
$DVPDL,96493000,100000,-0.000239,-0.000357,0.003174,0.001,0.002,-0.001,100*40
$DVPDL,96593000,100000,0.000933,0.000245,0.003220,0.005,0.002,-0.003,100*46
$DVPDL,96693000,100000,0.000483,0.007842,-0.000334,0.008,0.003,-0.002,100*6E
$DVPDL,96793000,100000,-0.001410,0.004750,0.001647,0.011,0.002,-0.003,100*63
$DVPDL,96893000,100000,-0.002575,-0.006901,-0.003518,0.011,0.004,-0.001,100*6A
$DVPDL,96993000,100000,-0.004277,-0.006996,0.005152,0.003,0.005,0.004,100*6D
$DVPDL,97093000,100000,-0.002817,-0.000946,0.010587,0.004,0.004,0.004,100*6A
$DVPDL,97193000,100000,-0.002287,0.001700,0.009424,0.005,0.003,0.004,100*4E
$DVPDL,97293000,100000,-0.003681,0.000361,0.012204,0.002,0.004,0.005,100*43
$DVPDL,97393000,100000,-0.004909,-0.001950,0.004297,0.004,0.002,0.006,100*60
$DVPDL,97493000,100000,-0.005605,-0.007331,-0.004426,0.005,0.003,0.005,100*4C
$DVPDL,97593000,100000,0.003969,-0.000490,-0.000403,0.004,-0.000,0.006,100*47
$DVPDL,97693000,100000,0.000151,0.000793,0.001125,0.002,0.000,0.006,100*6F
$DVPDL,97793000,100000,-0.004910,-0.004741,0.005515,0.004,0.001,0.006,100*68
$DVPDL,97893000,100000,-0.005085,-0.006959,0.008264,0.006,0.001,0.004,100*6A
$DVPDL,97993000,100000,0.004705,-0.002959,0.014508,0.006,0.000,0.003,100*4A
$DVPDL,98093000,100000,0.003948,0.001545,0.008212,0.010,0.001,0.002,100*65
$DVPDL,98193000,100000,0.002762,0.000603,0.005645,0.008,0.001,-0.000,100*4E
$DVPDL,98293000,100000,0.001185,0.006497,0.013039,0.008,0.000,-0.001,100*42
$DVPDL,98393000,100000,0.005686,0.016786,0.016516,0.007,0.000,-0.001,100*43
$DVPDL,98493000,100000,-0.007970,0.015182,-0.003654,0.008,-0.001,0.000,100*4F
$DVPDL,98593000,100000,-0.006028,0.008698,-0.003787,0.006,-0.001,0.001,100*4B
$DVPDL,98693000,100000,-0.008888,-0.000023,-0.005774,0.006,0.001,-0.000,100*6C
$DVPDL,98793000,100000,-0.006308,-0.000136,0.001926,0.005,0.002,-0.001,100*44
$DVPDL,98893000,100000,0.000686,0.003685,0.012764,0.006,0.006,-0.002,100*4C
$DVPDL,98993000,100000,-0.006391,0.003508,-0.004729,0.007,0.007,-0.001,100*43
$DVPDL,99093000,100000,-0.004367,-0.002471,-0.023150,0.006,0.005,-0.002,100*6E
$DVPDL,99193000,100000,0.000497,0.007579,-0.012203,0.008,0.005,-0.003,100*67
$DVPDL,99293000,100000,0.000895,0.006694,0.001521,0.008,0.002,-0.002,100*45
$DVPDL,99393000,100000,0.007002,0.003364,0.013140,0.010,0.003,-0.001,100*41
$DVPDL,99493000,100000,0.005271,0.001366,0.010752,0.011,-0.000,0.001,100*46
$DVPDL,99593000,100000,-0.000692,-0.001378,-0.006603,0.015,-0.002,0.004,100*68
$DVPDL,99693000,100000,0.003254,-0.003624,-0.008522,0.014,-0.002,0.002,100*4C
$DVPDL,99793000,100000,0.009910,-0.000205,0.006162,0.014,-0.003,0.003,100*6B
$DVPDL,99893000,100000,0.004442,0.000434,0.019167,0.015,-0.002,0.003,100*41
$DVPDL,99993000,100000,-0.008937,0.002568,0.001840,0.015,-0.001,0.003,100*62
$DVPDL,100093000,100000,-0.005133,0.004678,-0.010717,0.015,-0.000,0.003,100*7E
$DVPDL,100193000,100000,0.009312,-0.011427,-0.005618,0.014,0.002,0.002,100*5B
$DVPDL,100293000,100000,0.001142,-0.008671,-0.007703,0.012,0.003,0.000,100*52
$DVPDL,100393000,100000,0.004219,-0.005519,-0.001205,0.014,0.003,0.001,100*59
$DVPDL,100493000,100000,0.001461,-0.004117,0.002118,0.013,0.002,0.001,100*7E
$DVPDL,100593000,100000,-0.006807,0.002556,0.005188,0.012,0.003,0.001,100*7D
$DVPDL,100693000,100000,-0.008878,0.010486,0.016045,0.013,0.004,0.000,100*72
$DVPDL,100793000,100000,0.013370,-0.004120,0.010195,0.014,0.003,-0.000,100*51
$DVPDL,100893000,100000,0.014824,-0.013457,-0.025787,0.013,0.003,-0.000,100*79
$DVPDL,100993000,100000,-0.001802,-0.007010,-0.031996,0.010,0.002,-0.001,100*5F
$DVPDL,101093000,100000,0.005129,-0.000106,-0.006238,0.004,0.001,-0.002,100*71
$DVPDL,101193000,100000,-0.001016,-0.007950,-0.001231,0.003,-0.002,0.002,100*52
$DVPDL,101293000,100000,0.004662,-0.009497,0.019165,0.002,-0.002,0.002,100*53
$DVPDL,101393000,100000,-0.000262,-0.001094,0.009009,0.001,-0.005,0.002,100*7E
$DVPDL,101493000,100000,-0.006577,0.005034,-0.011863,-0.002,-0.004,0.001,100*53
$DVPDL,101593000,100000,0.003838,-0.000081,-0.001936,-0.001,-0.001,-0.001,100*71
$DVPDL,101693000,100000,0.000744,-0.005174,-0.000864,-0.000,-0.001,0.000,100*51
$DVPDL,101793000,100000,-0.003407,0.000800,-0.005091,0.000,0.002,-0.001,100*70
$DVPDL,101893000,100000,-0.008182,0.001722,-0.001853,-0.000,0.002,-0.001,100*5D
$DVPDL,101993000,100000,0.001076,-0.003172,0.006873,-0.000,0.000,-0.002,100*77
$DVPDL,102093000,100000,0.002319,-0.006891,0.003193,-0.002,0.002,0.001,100*59
$DVPDL,102193000,100000,-0.001931,-0.005862,-0.001616,-0.002,0.002,0.001,100*5C
$DVPDL,102293000,100000,0.000515,-0.002133,0.001647,-0.001,0.002,0.000,100*58
$DVPDL,102393000,100000,0.001480,-0.000120,-0.004184,-0.002,0.002,0.001,100*77
$DVPDL,102493000,100000,0.000005,0.003311,-0.005244,-0.002,0.002,-0.000,100*74
$DVPDL,102593000,100000,0.000067,0.001512,-0.000587,-0.002,0.003,-0.001,100*7B
$DVPDL,102693000,100000,0.001707,0.002038,0.003258,-0.000,0.003,-0.001,100*5F
$DVPDL,102793000,100000,-0.001133,0.002025,0.002804,-0.000,0.001,-0.001,100*7E
$DVPDL,102893000,100000,-0.003132,0.005081,-0.003345,-0.002,0.000,-0.000,100*5B
$DVPDL,102993000,100000,-0.009189,0.007991,-0.011585,-0.003,-0.000,0.002,100*50
$DVPDL,103093000,100000,0.001420,-0.002684,0.004798,-0.004,-0.001,0.002,100*79
$DVPDL,103193000,100000,0.009155,-0.004818,0.002597,-0.005,0.000,0.002,100*5C
$DVPDL,103293000,100000,0.000781,0.000445,0.002391,-0.007,-0.001,0.002,100*5A
$DVPDL,103393000,100000,-0.001189,0.002940,-0.001878,-0.007,-0.001,0.001,100*52
$DVPDL,103493000,100000,0.005004,-0.001116,0.001034,-0.004,-0.001,0.002,100*70
$DVPDL,103593000,100000,0.000892,-0.000347,0.001973,-0.004,-0.000,0.000,100*7D
$DVPDL,103693000,100000,0.003988,0.005098,0.003965,-0.002,0.000,-0.000,100*5D
$DVPDL,103793000,100000,0.003297,0.004237,-0.002299,-0.001,-0.002,0.000,100*7A
$DVPDL,103893000,100000,-0.001048,0.002694,-0.003180,-0.002,-0.003,0.001,100*58
$DVPDL,103993000,100000,0.002683,-0.001314,0.007150,-0.001,-0.003,0.001,100*72
$DVPDL,104093000,100000,0.001372,0.002782,0.002080,0.000,-0.002,0.003,100*77
$DVPDL,104193000,100000,-0.001423,0.003482,-0.003971,-0.002,-0.001,0.000,100*5E
$DVPDL,104293000,100000,-0.004212,0.005250,-0.005162,-0.002,-0.000,0.000,100*5E
$DVPDL,104393000,100000,-0.003709,0.004717,-0.002214,-0.003,0.001,0.001,100*79
$DVPDL,104493000,100000,0.000466,0.001242,-0.001450,-0.003,0.002,0.002,100*5F
$DVPDL,104593000,100000,0.003860,0.000770,0.003075,0.004,0.002,0.002,100*54
$DVPDL,104693000,100000,-0.000753,-0.002686,-0.000217,0.001,0.002,0.001,100*7F
$DVPDL,104793000,100000,0.002556,-0.003308,0.002774,0.002,0.001,0.001,100*7B
$DVPDL,104893000,100000,0.000165,0.001665,-0.003323,0.002,0.001,0.001,100*79
$DVPDL,104993000,100000,-0.001376,0.002707,0.001248,0.003,0.000,-0.001,100*5C
$DVPDL,105093000,100000,0.003253,-0.001437,0.003284,0.004,-0.000,-0.000,100*7A
$DVPDL,105193000,100000,-0.000614,-0.000299,0.001697,0.006,-0.001,-0.000,100*56
$DVPDL,105293000,100000,-0.003418,0.003536,-0.003165,0.006,-0.001,0.001,100*7D
$DVPDL,105393000,100000,-0.006238,-0.002589,-0.002170,0.004,-0.002,0.001,100*51
$DVPDL,105493000,100000,0.000071,0.004406,0.001142,0.002,-0.001,0.001,100*75
$DVPDL,105593000,100000,0.004707,0.000011,-0.000453,0.002,-0.002,0.000,100*5B
$DVPDL,105693000,100000,0.001072,-0.001060,0.000308,0.004,-0.001,-0.001,100*7F
$DVPDL,105793000,100000,-0.000285,0.002849,-0.000886,0.004,-0.002,-0.001,100*56
$DVPDL,105893000,100000,-0.001097,0.002913,-0.005170,0.004,-0.003,0.001,100*7E
$DVPDL,105993000,100000,-0.002727,-0.003363,0.004049,0.007,-0.002,0.002,100*77
$DVPDL,106093000,100000,0.002228,-0.000511,0.008246,0.005,-0.001,0.001,100*59
$DVPDL,106193000,100000,-0.004366,0.002427,-0.006226,0.002,-0.002,0.001,100*72
$DVPDL,106293000,100000,-0.003619,0.005107,-0.005277,0.003,-0.003,0.000,100*7D
$DVPDL,106393000,100000,0.002448,-0.000165,0.008419,0.001,-0.004,0.002,100*53
$DVPDL,106493000,100000,0.004674,-0.003352,0.005344,0.002,-0.003,0.001,100*5F
$DVPDL,106593000,100000,-0.001573,0.004483,-0.001055,0.001,-0.003,0.000,100*7B
$DVPDL,106693000,100000,-0.002016,0.008012,-0.001434,-0.001,-0.001,-0.000,100*7C
$DVPDL,106793000,100000,0.000596,0.001002,-0.001711,-0.004,0.001,-0.002,100*79
$DVPDL,106893000,100000,-0.001684,-0.006121,0.003628,-0.005,0.002,-0.001,100*55
$DVPDL,106993000,100000,0.004730,-0.000460,0.007587,-0.006,0.003,-0.001,100*74
$DVPDL,107093000,100000,-0.002332,0.002771,-0.006182,-0.006,0.002,0.000,100*7D
$DVPDL,107193000,100000,0.000733,0.001686,-0.000302,-0.006,0.002,-0.000,100*7D
$DVPDL,107293000,100000,0.001673,0.000137,0.004238,-0.004,0.001,0.001,100*7A
$DVPDL,107393000,100000,-0.000276,-0.001188,0.006056,-0.001,0.002,-0.000,100*5C
$DVPDL,107493000,100000,0.002121,-0.000058,0.002784,-0.001,0.002,-0.001,100*75
$DVPDL,107593000,100000,-0.002432,-0.000693,-0.001075,-0.001,0.001,-0.000,100*7A
$DVPDL,107693000,100000,0.003351,-0.000371,-0.000980,0.000,0.002,0.001,100*5F
$DVPDL,107793000,100000,0.002222,-0.001073,0.004503,0.003,0.002,0.003,100*75
$DVPDL,107893000,100000,0.000862,0.000202,0.004994,0.003,0.001,0.002,100*5E
$DVPDL,107993000,100000,-0.006087,-0.000073,-0.003158,0.001,0.002,0.001,100*7E
$DVPDL,108093000,100000,-0.002894,0.001855,-0.009795,-0.001,0.002,0.001,100*76
$DVPDL,108193000,100000,-0.000993,0.003527,0.001545,0.004,0.003,0.001,100*7A
$DVPDL,108293000,100000,-0.000367,0.001468,0.006155,0.001,0.003,0.001,100*77
$DVPDL,108393000,100000,0.005356,0.000703,0.007486,0.003,0.002,-0.001,100*77
$DVPDL,108493000,100000,-0.004688,0.007578,-0.005321,-0.001,0.001,-0.004,100*5F
$DVPDL,108593000,100000,-0.010135,0.011073,-0.001364,-0.005,0.001,-0.005,100*53
$DVPDL,108693000,100000,-0.007977,0.007457,-0.005948,-0.005,0.004,-0.006,100*5B
$DVPDL,108793000,100000,-0.005464,0.004950,-0.001985,-0.007,0.002,-0.007,100*5E
$DVPDL,108893000,100000,-0.003430,0.003884,0.005615,-0.005,0.001,-0.004,100*74
$DVPDL,108993000,100000,-0.001662,0.004405,0.005652,0.000,0.002,0.000,100*71
$DVPDL,109093000,100000,-0.003806,0.003193,0.007979,0.000,0.001,0.001,100*7C
$DVPDL,109193000,100000,-0.007616,0.007327,0.005395,-0.000,-0.000,0.002,100*77
$DVPDL,109293000,100000,-0.018357,0.007561,0.003867,-0.002,-0.000,0.000,100*7E
$DVPDL,109393000,100000,-0.000662,-0.000062,0.007744,-0.001,-0.001,-0.000,100*7C
$DVPDL,109493000,100000,0.003920,-0.007166,0.003106,-0.005,-0.001,-0.002,100*5C
$DVPDL,109593000,100000,0.001476,-0.008562,-0.006459,-0.005,0.001,-0.002,100*54
$DVPDL,109693000,100000,-0.000266,-0.003934,0.008550,-0.004,0.002,-0.002,100*51
$DVPDL,109793000,100000,-0.017438,-0.005929,-0.008386,-0.003,0.001,-0.002,100*75
$DVPDL,109893000,100000,-0.000321,-0.004494,-0.011137,-0.004,0.003,-0.001,100*7F
$DVPDL,109993000,100000,0.013387,-0.021252,0.005788,-0.004,0.002,-0.000,100*7C
$DVPDL,110093000,100000,0.010818,-0.026137,-0.004410,-0.005,0.002,0.001,100*77
$DVPDL,110193000,100000,-0.002500,-0.015465,0.010601,-0.007,0.001,-0.002,100*5B
$DVPDL,110293000,100000,-0.000385,0.003842,0.012888,-0.006,0.001,-0.003,100*7F
$DVPDL,110393000,100000,-0.008849,0.014940,-0.019070,-0.012,0.001,-0.006,100*51
$DVPDL,110493000,100000,-0.006700,0.005254,-0.024907,-0.017,0.002,-0.006,100*55
$DVPDL,110593000,100000,-0.002156,-0.000013,-0.006826,-0.021,0.003,-0.005,100*79
$DVPDL,110693000,100000,-0.007644,-0.002342,0.002220,-0.020,0.003,-0.003,100*5C
$DVPDL,110793000,100000,-0.002047,-0.001939,-0.010329,-0.017,0.003,-0.002,100*7B
$DVPDL,110893000,100000,0.009578,-0.002759,-0.003927,-0.016,0.003,-0.001,100*54
$DVPDL,110993000,100000,0.003445,0.002317,0.003783,-0.014,0.003,-0.002,100*5F
$DVPDL,111093000,100000,0.006957,0.006433,0.003276,-0.013,0.003,-0.001,100*52
$DVPDL,111193000,100000,0.006609,-0.002845,-0.002138,-0.012,0.004,-0.001,100*50
$DVPDL,111293000,100000,0.010299,-0.012864,0.003934,-0.012,0.003,-0.001,100*74
$DVPDL,111393000,100000,0.009021,-0.010339,0.012703,-0.010,0.002,0.001,100*59
$DVPDL,111493000,100000,0.005770,-0.011959,-0.002553,-0.010,0.001,0.002,100*77
$DVPDL,111593000,100000,0.014321,-0.015115,0.015606,-0.009,0.001,0.002,100*52
$DVPDL,111693000,100000,-0.005306,0.008341,-0.004947,-0.010,0.003,0.000,100*74
$DVPDL,111793000,100000,-0.003825,0.032871,-0.006105,-0.008,0.005,-0.001,100*57
$DVPDL,111893000,100000,0.013548,0.034724,0.007121,-0.005,0.005,-0.000,100*5D
$DVPDL,111993000,100000,0.025162,0.024131,0.019345,-0.004,0.004,-0.001,100*58
$DVPDL,112093000,100000,0.012986,0.012038,0.022509,-0.006,0.003,-0.000,100*5B
$DVPDL,112193000,100000,0.010599,0.004844,0.010148,-0.004,0.003,-0.001,100*5D
$DVPDL,112293000,100000,0.001780,-0.014295,0.005646,-0.001,0.001,0.002,100*5A
$DVPDL,112393000,100000,-0.006876,-0.026735,-0.014691,-0.003,-0.001,0.004,100*77
$DVPDL,112493000,100000,-0.005328,-0.014370,-0.014958,-0.003,-0.002,0.001,100*7B
$DVPDL,112593000,100000,0.002092,-0.009381,-0.018118,-0.003,0.000,0.001,100*7F
$DVPDL,112693000,100000,0.002299,-0.015552,-0.020186,-0.003,-0.000,0.001,100*51
$DVPDL,112793000,100000,0.004707,-0.024592,-0.021187,-0.005,-0.003,0.001,100*5F
$DVPDL,112893000,100000,-0.002786,0.008587,-0.007548,-0.006,-0.004,-0.001,100*7F
$DVPDL,112993000,100000,-0.005384,0.038220,-0.009232,-0.009,-0.004,0.001,100*50
$DVPDL,113093000,100000,0.012084,0.015995,-0.006337,-0.008,-0.003,-0.001,100*5A
$DVPDL,113193000,100000,0.010740,-0.002729,-0.009683,-0.013,-0.003,-0.004,100*7E
$DVPDL,113293000,100000,0.000083,-0.006188,-0.006578,-0.013,-0.003,-0.001,100*70
$DVPDL,113393000,100000,-0.005448,-0.008518,-0.008482,-0.012,-0.004,0.000,100*79
$DVPDL,113493000,100000,-0.008123,-0.004039,-0.005863,-0.013,0.000,-0.001,100*7B
$DVPDL,113593000,100000,-0.001933,-0.012901,0.001797,-0.012,-0.002,0.000,100*50
$DVPDL,113693000,100000,0.001378,-0.011963,0.003795,-0.010,-0.001,0.002,100*7F
$DVPDL,113793000,100000,0.001022,-0.003396,-0.001507,-0.010,-0.002,0.004,100*52
$DVPDL,113893000,100000,0.000294,-0.000717,0.001640,-0.010,-0.002,0.003,100*77
$DVPDL,113993000,100000,0.001266,-0.003915,0.007076,-0.009,-0.002,0.003,100*78
$DVPDL,114093000,100000,-0.001454,-0.003216,0.007180,-0.002,-0.001,0.001,100*56
$DVPDL,114193000,100000,-0.000856,-0.003159,0.002973,-0.001,-0.002,0.001,100*51
$DVPDL,114293000,100000,0.000451,-0.000389,0.003998,0.002,-0.002,-0.001,100*7F
$DVPDL,114393000,100000,-0.000065,0.003282,-0.000730,0.007,-0.001,0.002,100*7E
$DVPDL,114493000,100000,0.000474,0.002249,-0.003571,0.008,0.000,0.001,100*72
$DVPDL,114593000,100000,-0.004525,-0.001793,-0.005887,0.010,-0.002,-0.000,100*7B
$DVPDL,114693000,100000,0.002560,-0.003259,0.009919,0.012,-0.002,-0.001,100*77
$DVPDL,114793000,100000,-0.000338,-0.002474,0.003409,0.007,-0.004,0.002,100*70
$DVPDL,114893000,100000,-0.000948,-0.001144,-0.000260,0.001,-0.003,0.004,100*57
$DVPDL,114993000,100000,0.000470,-0.001119,0.000823,-0.000,0.000,-0.000,100*7E
$DVPDL,115093000,100000,-0.000896,-0.001320,-0.001514,0.004,0.000,-0.002,100*59
$DVPDL,115193000,100000,-0.001062,-0.001654,-0.003644,0.002,0.001,-0.000,100*5D
$DVPDL,115293000,100000,-0.000164,0.002343,-0.002592,0.006,0.001,-0.002,100*7A
$DVPDL,115393000,100000,0.000495,-0.001551,0.001599,0.005,0.001,-0.002,100*50
$DVPDL,115493000,100000,0.001523,-0.003705,-0.000152,0.006,-0.002,-0.001,100*5A
$DVPDL,115593000,100000,-0.000545,-0.000385,0.003022,0.006,-0.002,0.001,100*7D
$DVPDL,115693000,100000,0.001359,-0.003473,0.000722,0.004,-0.003,0.000,100*52
$DVPDL,115793000,100000,0.000551,0.000245,0.001082,0.004,-0.002,0.000,100*7C
$DVPDL,115893000,100000,0.001423,0.000300,0.001679,0.005,-0.000,-0.002,100*58
$DVPDL,115993000,100000,0.001882,-0.005483,0.000339,0.005,-0.002,-0.001,100*7B
$DVPDL,116093000,100000,-0.001415,0.001247,0.001436,0.007,-0.003,-0.003,100*71
$DVPDL,116193000,100000,0.001317,0.002334,0.003470,0.004,-0.001,-0.001,100*5D
$DVPDL,116293000,100000,-0.001248,0.000025,-0.000803,0.004,-0.000,-0.002,100*5D
$DVPDL,116393000,100000,0.001040,-0.002462,0.004103,0.008,-0.001,-0.001,100*7D
$DVPDL,116493000,100000,0.001850,-0.006199,0.001151,0.007,-0.001,-0.001,100*7B
$DVPDL,116593000,100000,0.000156,0.001190,-0.001158,0.007,-0.002,0.001,100*5D
$DVPDL,116693000,100000,0.001307,0.002365,-0.003419,0.008,-0.001,-0.001,100*71
$DVPDL,116793000,100000,0.001944,0.000852,-0.001892,0.010,-0.001,-0.002,100*77
$DVPDL,116893000,100000,0.000306,-0.002041,0.003391,0.011,-0.001,-0.001,100*75
$DVPDL,116993000,100000,0.001498,-0.002457,0.001906,0.011,0.001,-0.003,90*67
$DVPDL,117093000,100000,-0.000524,0.004304,-0.003891,0.012,0.004,-0.003,100*71
$DVPDL,117193000,100000,0.001321,-0.000637,0.000317,0.011,0.002,-0.002,100*5C
$DVPDL,117293000,100000,0.001088,-0.003359,0.003378,0.011,0.003,-0.004,100*5C
$DVPDL,117393000,100000,-0.001759,-0.002231,0.001014,0.010,0.002,-0.002,100*78
$DVPDL,117493000,100000,-0.000925,0.001816,0.000725,-0.002,0.002,0.003,100*5C
$DVPDL,117593000,100000,-0.001042,0.003029,-0.000324,-0.005,0.002,0.002,100*7C
$DVPDL,117693000,100000,-0.000151,0.001926,0.000877,-0.014,0.002,0.002,100*59
$DVPDL,117793000,100000,0.000174,0.000478,-0.002306,-0.011,0.002,-0.000,100*7D
$DVPDL,117893000,100000,0.001650,0.001967,0.005943,-0.010,0.003,0.000,100*7C
$DVPDL,117993000,100000,-0.000004,-0.002408,-0.000436,-0.008,0.005,-0.001,100*78
$DVPDL,118093000,100000,-0.001572,-0.001913,0.000799,-0.008,0.006,-0.001,100*57
$DVPDL,118193000,100000,0.001110,-0.000243,0.001513,-0.007,0.004,-0.001,100*78
$DVPDL,118293000,100000,0.001948,0.001555,-0.001997,-0.006,0.003,-0.000,100*78
$DVPDL,118393000,100000,-0.000718,0.001858,-0.001855,-0.004,0.001,0.002,100*7E
$DVPDL,118493000,100000,-0.002533,-0.010161,0.003236,-0.001,0.002,0.001,100*7B
$DVPDL,118593000,100000,-0.001063,-0.003256,0.005785,0.000,0.002,0.000,100*5A
$DVPDL,118693000,100000,0.002055,0.009206,-0.006587,0.003,0.000,0.001,100*7E
$DVPDL,118793000,100000,0.002237,0.006683,-0.009563,0.002,-0.002,-0.000,100*78
$DVPDL,118893000,100000,-0.003626,0.000574,-0.000127,0.002,-0.001,-0.000,100*5C
$DVPDL,118993000,100000,-0.004813,-0.005402,0.004957,-0.000,-0.000,0.001,100*5E
$DVPDL,119093000,100000,-0.004497,-0.002738,0.002280,-0.000,-0.000,0.002,100*5F
$DVPDL,119193000,100000,-0.001429,0.000851,-0.002727,-0.002,-0.002,0.002,100*54
$DVPDL,119293000,100000,-0.001277,0.003728,-0.003676,0.001,-0.003,-0.000,100*5C
$DVPDL,119393000,100000,-0.000235,0.000279,-0.001423,0.003,-0.003,-0.001,100*5B
$DVPDL,119493000,100000,-0.000005,-0.000705,0.000885,0.003,-0.002,-0.002,100*50
$DVPDL,119593000,100000,0.000129,0.000493,0.001084,0.007,-0.003,-0.003,100*5E
$DVPDL,119693000,100000,-0.000142,-0.000484,-0.000099,0.009,-0.004,-0.002,100*7E
$DVPDL,119793000,100000,0.001964,-0.002712,-0.000990,0.007,-0.002,-0.002,100*59
$DVPDL,119893000,100000,0.003220,0.003213,-0.003520,0.008,0.000,-0.003,100*52
$DVPDL,119993000,100000,0.000583,0.005460,-0.005565,0.004,-0.001,-0.000,100*7E
$DVPDL,120093000,100000,-0.000012,-0.001689,0.001266,0.003,-0.004,0.001,100*72
$DVPDL,120193000,100000,-0.001024,-0.002657,0.002602,0.003,-0.002,0.000,100*75
$DVPDL,120293000,100000,-0.000138,-0.000485,-0.000268,0.003,-0.001,0.000,100*50
$DVPDL,120393000,100000,0.001345,0.000775,-0.002868,0.002,-0.001,0.000,100*5D
$DVPDL,120493000,100000,0.000464,0.001432,-0.003739,0.011,-0.000,-0.003,100*79
$DVPDL,120593000,100000,-0.000691,0.000539,0.001050,0.004,0.001,-0.003,100*59
$DVPDL,120693000,100000,-0.000459,-0.002419,0.002700,0.006,-0.001,-0.003,100*5E
$DVPDL,120793000,100000,-0.001246,-0.001956,-0.001940,0.001,0.001,-0.003,100*5D
$DVPDL,120893000,100000,-0.000084,0.004989,0.001120,0.001,0.001,-0.002,100*57
$DVPDL,120993000,100000,0.001941,0.006648,0.008193,0.003,0.001,-0.000,100*7B
$DVPDL,121093000,100000,-0.000305,-0.004917,-0.002483,0.002,-0.000,0.001,100*5D
$DVPDL,121193000,100000,-0.000539,-0.004069,-0.000243,0.003,-0.001,0.001,100*5D
$DVPDL,121293000,100000,0.001869,0.001175,-0.003421,0.002,-0.004,0.003,100*59
$DVPDL,121393000,100000,0.005100,0.009209,-0.018737,0.003,-0.002,0.002,100*52
$DVPDL,121493000,100000,-0.002020,0.009412,-0.014342,0.003,-0.002,0.001,100*79
$DVPDL,121593000,100000,-0.000825,0.000051,0.003060,0.004,-0.002,0.001,100*52
$DVPDL,121693000,100000,-0.000851,-0.000495,0.002411,0.005,-0.001,0.001,100*72
$DVPDL,121793000,100000,-0.000263,-0.000003,-0.003769,0.004,-0.009,0.003,100*58
$DVPDL,121893000,100000,-0.002546,0.003598,-0.013839,0.006,-0.006,0.003,100*7A
$DVPDL,121993000,100000,0.001403,0.007081,-0.014407,0.008,-0.006,0.001,100*56
$DVPDL,122093000,100000,-0.003242,0.000929,-0.016510,0.008,-0.004,0.001,100*7B
$DVPDL,122193000,100000,-0.014396,0.004889,-0.009121,0.008,-0.003,0.001,100*74
$DVPDL,122293000,100000,-0.009758,0.004829,0.010346,0.007,-0.003,0.001,100*5E
$DVPDL,122393000,100000,-0.002993,-0.002418,0.011494,0.008,-0.001,-0.000,100*50
$DVPDL,122493000,100000,-0.004312,0.003620,0.006505,0.009,0.000,0.000,100*78
$DVPDL,122593000,100000,-0.002949,0.007599,-0.004193,0.009,0.001,0.000,100*5B
$DVPDL,122693000,100000,-0.003686,0.010113,0.001565,0.008,0.002,0.000,100*72
$DVPDL,122793000,100000,0.002331,0.006084,-0.000381,0.008,0.003,0.000,100*7F
$DVPDL,122893000,100000,-0.002100,-0.000992,-0.005155,0.007,0.002,0.002,100*7A
$DVPDL,122993000,100000,-0.007168,-0.003481,-0.003534,0.008,0.004,0.003,100*71
$DVPDL,123093000,100000,-0.005567,-0.001339,0.015850,0.008,0.005,0.004,100*55
$DVPDL,123193000,100000,0.000602,-0.000178,0.017184,0.009,0.005,0.005,100*78
$DVPDL,123293000,100000,-0.004536,-0.000332,0.007976,0.009,0.006,0.003,100*5B
$DVPDL,123393000,100000,-0.001948,0.004759,0.006376,0.009,0.008,0.002,100*7E
$DVPDL,123493000,100000,0.000884,0.004003,0.006229,0.010,0.009,0.002,100*5E
$DVPDL,123593000,100000,-0.001209,0.001564,0.003480,0.012,0.007,0.003,100*70
$DVPDL,123693000,100000,-0.001247,-0.007597,-0.012184,0.010,0.006,0.002,100*70
$DVPDL,123793000,100000,-0.000774,-0.005609,-0.003373,0.013,0.007,0.004,100*7D
$DVPDL,123893000,100000,0.000455,0.001877,0.013017,0.014,0.007,0.003,100*5C
$DVPDL,123993000,100000,-0.003878,0.003563,0.001451,0.014,0.006,0.002,100*7F
$DVPDL,124093000,100000,0.007256,-0.000619,0.000687,0.015,0.007,-0.000,100*59
$DVPDL,124193000,100000,0.010092,-0.009167,0.000482,0.016,0.006,0.001,100*7A
$DVPDL,124293000,100000,0.006830,-0.008644,0.006920,0.016,0.004,0.001,100*78
$DVPDL,124393000,100000,0.008511,-0.013880,0.009994,0.016,0.004,0.001,100*75
$DVPDL,124493000,100000,0.006027,-0.014907,-0.003164,0.016,0.002,0.002,100*50
$DVPDL,124593000,100000,0.002945,-0.003877,-0.024346,0.017,-0.001,0.002,100*70
$DVPDL,124693000,100000,-0.002950,0.009205,-0.019503,0.017,-0.001,0.000,100*79
$DVPDL,124793000,100000,-0.005479,0.011850,-0.011599,0.018,-0.003,0.001,100*7D
$DVPDL,124893000,100000,-0.015374,0.005090,-0.008332,0.017,-0.003,0.001,100*78
$DVPDL,124993000,100000,0.001622,0.006876,0.003482,0.019,-0.003,0.002,100*73
$DVPDL,125093000,100000,0.004914,-0.001338,0.011992,0.019,-0.002,0.001,100*52
$DVPDL,125193000,100000,0.009392,-0.004148,0.008248,0.018,0.001,0.001,100*71
$DVPDL,125293000,100000,0.025565,-0.012600,0.031204,0.019,-0.000,0.002,100*52
$DVPDL,125393000,100000,0.015270,-0.018817,0.024368,0.020,-0.000,0.004,100*52
$DVPDL,125493000,100000,0.005378,-0.018868,-0.007356,0.022,-0.000,0.004,100*76
$DVPDL,125593000,100000,0.006533,-0.007951,-0.016123,0.021,-0.001,0.002,100*7C
$DVPDL,125693000,100000,-0.003832,-0.003105,-0.010316,0.020,0.001,-0.001,100*56
$DVPDL,125793000,100000,-0.004872,0.003194,-0.009073,0.018,0.000,-0.001,100*73
$DVPDL,125893000,100000,0.000605,0.001741,-0.008871,0.016,0.001,-0.002,100*50
$DVPDL,125993000,100000,0.007981,0.000093,-0.005031,0.016,0.003,-0.001,100*5C
$DVPDL,126093000,100000,-0.003716,-0.006076,0.002357,0.013,0.002,0.000,100*5E
$DVPDL,126193000,100000,-0.006236,-0.003229,0.009282,0.012,0.002,-0.000,100*7E
$DVPDL,126293000,100000,-0.005652,0.002959,-0.004238,0.010,0.001,-0.002,100*7A
$DVPDL,126393000,100000,-0.000197,0.004922,-0.005095,0.009,0.002,-0.001,100*76
$DVPDL,126493000,100000,-0.000343,-0.000206,-0.002233,0.007,0.001,0.000,100*76
$DVPDL,126593000,100000,-0.006470,-0.000097,-0.011551,0.005,0.000,0.001,100*7F
$DVPDL,126693000,100000,0.000020,-0.005491,0.005937,0.004,0.002,0.002,100*75
$DVPDL,126793000,100000,0.004197,-0.002079,0.003403,0.005,0.003,0.001,100*77
$DVPDL,126893000,100000,-0.003121,0.003019,-0.003327,0.004,0.004,0.001,100*5F
$DVPDL,126993000,100000,-0.006487,0.004868,-0.006335,0.004,0.001,0.000,100*59
$DVPDL,127093000,100000,0.001123,0.002030,-0.000314,0.006,-0.001,0.002,100*5B
$DVPDL,127193000,100000,-0.000420,0.002028,0.005780,0.005,-0.002,0.001,100*5B
$DVPDL,127293000,100000,0.000361,0.007187,0.006055,0.004,-0.002,-0.000,100*57
$DVPDL,127393000,100000,-0.007921,0.003288,-0.001334,0.004,-0.001,-0.002,100*55
$DVPDL,127493000,100000,0.004266,-0.000553,0.001745,0.003,-0.001,-0.002,100*73
$DVPDL,127593000,100000,-0.000711,0.004700,-0.009002,0.000,-0.001,-0.002,100*51
$DVPDL,127693000,100000,-0.007864,0.006788,-0.006116,-0.001,-0.002,-0.002,100*7E
$DVPDL,127793000,100000,-0.003042,0.008255,-0.006931,-0.001,-0.002,-0.002,100*71
$DVPDL,127893000,100000,-0.000939,0.000732,-0.003993,-0.001,-0.002,-0.001,100*7A
$DVPDL,127993000,100000,0.001365,-0.003074,0.001844,-0.001,-0.002,-0.000,100*5A
$DVPDL,128093000,100000,0.003107,0.000439,0.003521,-0.002,-0.002,0.001,100*58
$DVPDL,128193000,100000,-0.003840,0.001113,-0.000102,-0.001,-0.003,0.001,100*5B
$DVPDL,128293000,100000,-0.002026,-0.000151,-0.000094,-0.002,-0.002,0.001,100*77
$DVPDL,128393000,100000,0.002028,-0.001378,0.000118,-0.003,-0.001,0.002,100*74
$DVPDL,128493000,100000,0.000458,0.000581,-0.000285,-0.002,0.002,-0.002,100*76
$DVPDL,128593000,100000,-0.001171,0.004265,0.001195,-0.001,-0.001,-0.001,100*5C
$DVPDL,128693000,100000,-0.000500,0.004423,-0.001162,-0.002,-0.002,0.000,100*51
$DVPDL,128793000,100000,0.002328,0.000948,-0.000729,-0.003,-0.000,-0.001,100*50
$DVPDL,128893000,100000,-0.002715,0.000302,-0.003773,-0.002,-0.001,0.001,100*5D
$DVPDL,128993000,100000,-0.000747,-0.001120,0.000185,-0.003,-0.000,0.001,100*56
$DVPDL,129093000,100000,0.003561,-0.001030,0.004434,-0.003,-0.000,0.001,100*7D
$DVPDL,129193000,100000,0.001220,-0.002278,0.004016,-0.000,-0.000,0.001,100*76
$DVPDL,129293000,100000,-0.000071,-0.000058,0.003392,-0.001,-0.000,0.000,100*55
$DVPDL,129393000,100000,-0.000279,0.001263,-0.000290,-0.001,-0.000,0.001,100*54
$DVPDL,129493000,100000,0.000201,0.000842,-0.001708,-0.006,0.000,0.003,100*54
$DVPDL,129593000,100000,0.000110,0.001460,-0.000733,-0.006,0.000,0.002,100*53
$DVPDL,129693000,100000,0.005493,0.000926,0.002875,-0.006,0.001,0.001,100*75
$DVPDL,129793000,100000,0.005786,-0.003812,0.007677,-0.006,0.001,0.000,100*53
$DVPDL,129893000,100000,-0.003074,0.000076,0.005474,-0.005,0.002,0.000,100*5A
$DVPDL,129993000,100000,-0.002146,0.007107,-0.007997,-0.005,0.001,0.000,100*76
$DVPDL,130093000,100000,-0.003704,0.001613,-0.000902,-0.003,-0.000,-0.000,100*7E
$DVPDL,130193000,100000,0.001264,0.000251,-0.002076,-0.002,-0.001,-0.001,100*59
$DVPDL,130293000,100000,0.002960,0.000300,-0.001859,-0.003,0.003,-0.002,100*78
$DVPDL,130393000,100000,-0.000296,0.000746,0.002125,0.001,0.004,-0.002,100*56
$DVPDL,130493000,100000,-0.002334,-0.002444,0.002539,0.001,0.003,-0.001,100*79
$DVPDL,130593000,100000,0.000593,-0.000188,0.000003,0.002,0.003,0.000,100*7A
$DVPDL,130693000,100000,-0.000503,-0.004507,-0.003714,0.002,0.003,0.002,100*77
$DVPDL,130793000,100000,0.003795,-0.000669,0.002184,0.002,0.003,0.001,100*7A
$DVPDL,130893000,100000,-0.000369,0.003185,0.005159,0.001,0.002,0.000,100*73
$DVPDL,130993000,100000,-0.003789,0.004742,-0.000606,0.005,0.001,-0.000,100*7E
$DVPDL,131093000,100000,-0.004212,0.000152,-0.005360,0.005,-0.001,-0.001,100*59
$DVPDL,131193000,100000,0.000614,0.000138,0.003604,0.005,-0.001,-0.000,100*52
$DVPDL,131293000,100000,-0.000601,-0.000062,0.001529,0.003,-0.001,0.001,100*7F
$DVPDL,131393000,100000,-0.001829,0.000714,-0.001166,0.002,-0.000,0.000,100*73
$DVPDL,131493000,100000,0.003137,0.001000,0.013987,-0.000,0.003,-0.001,100*5A
$DVPDL,131593000,100000,0.004175,-0.004197,0.008590,0.000,0.002,-0.001,100*51
$DVPDL,131693000,100000,0.003960,-0.002653,0.001560,0.000,0.001,-0.001,100*55
$DVPDL,131793000,100000,-0.005352,0.001106,-0.008539,0.000,0.000,-0.002,100*77
$DVPDL,131893000,100000,-0.001241,0.002525,0.000345,-0.000,-0.000,0.000,100*7E
$DVPDL,131993000,100000,0.001078,-0.002491,0.005939,0.001,-0.000,0.001,100*50
$DVPDL,132093000,100000,0.006370,-0.004219,0.010870,0.001,0.000,0.000,100*72
$DVPDL,132193000,100000,0.000359,0.005268,-0.001641,0.000,0.001,-0.001,100*59
$DVPDL,132293000,100000,-0.007510,0.007209,-0.012020,-0.001,0.002,-0.001,100*52
$DVPDL,132393000,100000,-0.000590,0.001435,-0.001219,-0.002,0.001,-0.000,100*58
$DVPDL,132493000,100000,0.003985,-0.004380,-0.002123,-0.002,0.001,0.001,100*7D
$DVPDL,132593000,100000,0.000188,-0.000657,0.000720,-0.001,0.002,0.000,100*5A
$DVPDL,132693000,100000,-0.003792,0.001516,0.005223,0.001,0.001,-0.000,100*50
$DVPDL,132793000,100000,0.002654,-0.002708,0.004524,0.001,0.002,0.000,100*7A
$DVPDL,132893000,100000,0.006972,-0.003502,0.005617,0.003,0.002,-0.002,100*5C
$DVPDL,132993000,100000,-0.003364,0.004633,-0.009452,0.002,0.001,-0.001,100*70
$DVPDL,133093000,100000,-0.013864,0.008159,-0.012794,0.001,-0.000,-0.000,100*58
$DVPDL,133193000,100000,-0.003499,0.003260,0.001943,-0.000,-0.001,0.001,100*7E
$DVPDL,133293000,100000,0.007051,-0.006606,0.007856,-0.001,-0.001,0.000,100*7B
$DVPDL,133393000,100000,0.003253,-0.001450,-0.001932,-0.001,-0.001,-0.000,100*7D
$DVPDL,133493000,100000,-0.003697,0.006606,-0.005254,0.002,-0.001,-0.001,100*50
$DVPDL,133593000,100000,-0.007110,0.003791,-0.002309,0.004,-0.001,-0.003,100*5D
$DVPDL,133693000,100000,0.003173,-0.002795,0.010741,0.003,0.001,-0.001,100*54
$DVPDL,133793000,100000,0.003723,-0.002821,0.006572,0.001,0.001,-0.001,100*51
$DVPDL,133893000,100000,-0.002933,0.003467,-0.007894,0.003,0.001,-0.001,100*74
$DVPDL,133993000,100000,-0.007462,0.000932,-0.002370,0.003,0.001,-0.001,100*73
$DVPDL,134093000,100000,0.003753,0.005652,0.007801,0.000,0.001,-0.002,100*7C
$DVPDL,134193000,100000,-0.002964,0.000719,-0.004533,0.002,0.002,-0.000,100*71
$DVPDL,134293000,100000,0.004138,-0.000400,0.010281,0.002,0.002,-0.000,100*58
$DVPDL,134393000,100000,0.000866,-0.002412,-0.009411,0.004,0.002,0.001,100*5E
$DVPDL,134493000,100000,-0.004324,0.003029,-0.004530,0.003,0.001,0.001,100*56
$DVPDL,134593000,100000,0.002716,0.000074,0.007908,0.003,-0.000,0.002,100*74
$DVPDL,134693000,100000,0.003282,-0.003372,0.001734,0.002,-0.001,0.000,100*50
$DVPDL,134793000,100000,-0.001269,0.004696,-0.004035,0.002,-0.004,-0.000,100*58
$DVPDL,134893000,100000,-0.000952,0.007288,-0.004675,0.001,-0.002,-0.001,100*5B
$DVPDL,134993000,100000,-0.000902,-0.001853,0.000731,0.001,-0.001,-0.001,100*53
$DVPDL,135093000,100000,0.001294,-0.000442,0.000301,-0.001,-0.002,0.000,100*7B
$DVPDL,135193000,100000,-0.005870,0.000808,-0.004152,-0.001,-0.002,0.002,100*53
$DVPDL,135293000,100000,-0.006238,0.001671,-0.008821,-0.003,-0.004,0.001,100*52
$DVPDL,135393000,100000,0.004519,-0.000192,0.002808,-0.004,-0.003,0.002,100*71
$DVPDL,135493000,100000,0.004225,-0.004743,0.004801,-0.005,-0.005,0.003,100*79
$DVPDL,135593000,100000,0.004414,-0.002868,0.001204,-0.006,-0.003,0.000,100*70
$DVPDL,135693000,100000,-0.004656,0.003945,-0.002593,-0.006,-0.002,0.001,100*5F
$DVPDL,135793000,100000,-0.004342,0.005528,-0.003899,-0.007,-0.001,0.001,100*5B
$DVPDL,135893000,100000,-0.002406,-0.003304,-0.001056,-0.010,-0.001,-0.000,100*55
$DVPDL,135993000,100000,0.003061,-0.002320,0.007477,-0.008,-0.002,0.001,100*70
$DVPDL,136093000,100000,-0.000571,0.000207,0.005455,-0.003,-0.001,0.001,100*71
$DVPDL,136193000,100000,-0.002021,0.000920,-0.007049,-0.001,-0.001,0.000,100*59
$DVPDL,136293000,100000,-0.003311,0.001615,-0.007195,0.001,0.002,-0.001,100*7C
$DVPDL,136393000,100000,0.001685,-0.001267,0.007055,0.002,0.004,-0.002,100*50
$DVPDL,136493000,100000,0.003583,0.000391,0.000699,-0.001,0.002,-0.003,100*5C
$DVPDL,136593000,100000,-0.004553,0.005451,-0.009432,0.001,-0.003,-0.003,100*52
$DVPDL,136693000,100000,-0.000931,0.001058,0.003456,0.000,-0.003,-0.002,100*71
$DVPDL,136793000,100000,0.005179,-0.000538,0.003490,0.000,-0.003,-0.001,100*7A
$DVPDL,136893000,100000,-0.000029,0.002954,-0.000006,-0.002,-0.003,0.000,100*56
$DVPDL,136993000,100000,-0.000695,0.002289,-0.001703,-0.002,-0.003,-0.000,100*73
$DVPDL,137093000,100000,-0.000938,0.000427,-0.006755,-0.001,-0.002,-0.001,100*74
$DVPDL,137193000,100000,-0.003330,0.005264,-0.009266,-0.002,-0.001,-0.002,100*79
$DVPDL,137293000,100000,-0.003267,0.004669,0.002265,-0.000,-0.002,-0.002,100*55
$DVPDL,137393000,100000,-0.004424,-0.002498,0.001982,0.000,-0.002,-0.002,100*59
$DVPDL,137493000,100000,-0.005208,-0.002756,0.011440,0.003,-0.003,-0.002,100*56
$DVPDL,137593000,100000,-0.006946,0.006229,0.010633,0.001,-0.002,-0.002,100*75
$DVPDL,137693000,100000,-0.001314,0.009117,0.012359,-0.000,-0.002,-0.002,100*5A
$DVPDL,137793000,100000,-0.002318,0.002664,0.008820,-0.002,-0.002,-0.000,100*52
$DVPDL,137893000,100000,0.003194,-0.005370,0.008324,-0.003,-0.001,0.001,100*7C
$DVPDL,137993000,100000,0.003181,-0.009941,0.011516,-0.004,0.000,0.001,100*59
$DVPDL,138093000,100000,-0.000864,-0.005569,0.009532,-0.004,0.001,0.002,100*74
$DVPDL,138193000,100000,-0.009315,-0.002251,-0.008484,-0.002,0.000,0.002,100*5D
$DVPDL,138293000,100000,-0.004324,0.001331,-0.001886,-0.003,0.002,0.000,100*7E
$DVPDL,138393000,100000,0.003174,-0.000826,0.017684,-0.004,0.002,-0.001,100*7E
$DVPDL,138493000,100000,0.007017,-0.001388,0.005982,-0.002,0.001,-0.002,100*7B
$DVPDL,138593000,100000,-0.002780,0.002491,-0.001175,-0.004,0.003,-0.001,100*54
$DVPDL,138693000,100000,-0.010163,0.003748,-0.007631,-0.006,0.001,-0.002,100*5B
$DVPDL,138793000,100000,-0.006979,-0.000049,-0.013958,-0.005,-0.002,-0.003,100*5F
$DVPDL,138893000,100000,0.000976,0.004051,-0.005630,-0.008,-0.000,-0.001,100*5F
$DVPDL,138993000,100000,-0.002710,0.001184,0.004759,-0.008,-0.000,-0.001,100*51
$DVPDL,139093000,100000,0.002129,-0.002621,0.010469,-0.009,-0.003,-0.001,100*59
$DVPDL,139193000,100000,0.000192,-0.000817,0.012054,-0.011,-0.003,-0.002,100*51
$DVPDL,139293000,100000,0.005664,0.000833,-0.002663,-0.009,-0.003,-0.000,100*57
$DVPDL,139393000,100000,-0.003670,0.001486,-0.017137,-0.009,-0.001,-0.001,100*7A
$DVPDL,139493000,100000,-0.004073,0.004399,0.006566,-0.008,-0.000,-0.002,100*5D
$DVPDL,139593000,100000,0.001429,0.000454,0.018721,-0.006,0.000,-0.003,100*51
$DVPDL,139693000,100000,-0.003164,-0.002576,0.007832,-0.006,-0.000,-0.005,100*77
$DVPDL,139793000,100000,0.007509,0.005923,-0.005611,-0.004,0.000,-0.004,100*78
$DVPDL,139893000,100000,-0.001115,0.007533,0.001798,-0.004,-0.000,-0.003,100*59
$DVPDL,139993000,100000,-0.016113,0.016328,0.003237,-0.006,-0.000,-0.004,100*53
$DVPDL,140093000,100000,-0.012550,0.018114,-0.004525,-0.003,-0.001,-0.003,100*7D
$DVPDL,140193000,100000,0.003935,0.003014,-0.011518,-0.004,0.001,-0.005,100*73
$DVPDL,140293000,100000,0.011754,-0.003855,0.008764,-0.007,-0.001,-0.003,100*5E
$DVPDL,140393000,100000,-0.003198,0.003426,0.015745,-0.009,0.000,-0.004,100*78
$DVPDL,140493000,100000,0.004756,0.002795,0.012203,-0.009,0.001,-0.002,100*5C
$DVPDL,140593000,100000,0.006420,-0.005791,-0.003682,-0.011,0.001,-0.001,100*59
$DVPDL,140693000,100000,0.003491,-0.014680,0.006963,-0.012,0.000,-0.000,100*7F
$DVPDL,140793000,100000,0.010292,-0.007037,0.016650,-0.003,-0.000,0.003,100*7C
$DVPDL,140893000,100000,-0.000354,0.011276,-0.002062,-0.004,-0.002,0.002,100*52
$DVPDL,140993000,100000,-0.013051,0.030847,-0.011193,-0.003,0.000,0.001,100*7A
$DVPDL,141093000,100000,-0.011410,0.023963,-0.009980,-0.003,-0.001,-0.000,100*77
$DVPDL,141193000,100000,-0.002120,-0.001998,-0.007494,-0.003,0.000,-0.001,100*70
$DVPDL,141293000,100000,0.003119,-0.022048,-0.008921,-0.004,-0.001,-0.000,100*76
$DVPDL,141393000,100000,0.001775,-0.015737,0.003516,-0.005,0.001,0.001,100*5C
$DVPDL,141493000,100000,0.003389,-0.016845,-0.002937,-0.005,-0.001,0.000,100*58
$DVPDL,141593000,100000,0.000977,-0.024557,-0.003859,-0.007,0.000,-0.000,100*55
$DVPDL,141693000,100000,0.012249,-0.012567,0.012154,-0.007,-0.000,0.002,100*7E
$DVPDL,141793000,100000,0.012070,-0.006757,-0.004710,-0.006,-0.001,0.002,100*5F
$DVPDL,141893000,100000,0.000080,-0.009806,-0.027138,-0.008,-0.001,0.001,100*58
$DVPDL,141993000,100000,-0.012723,0.002639,-0.016351,-0.009,0.001,-0.002,100*50
$DVPDL,142093000,100000,-0.015570,0.035114,0.015166,-0.006,0.002,-0.003,100*70
$DVPDL,142193000,100000,-0.000569,0.007198,0.011657,-0.007,0.002,-0.002,100*79
$DVPDL,142293000,100000,0.018638,-0.018010,0.065107,-0.007,0.003,-0.002,100*7B
$DVPDL,142393000,100000,0.008312,-0.015351,0.055806,-0.007,0.003,-0.001,100*75
$DVPDL,142493000,100000,0.002765,-0.022128,-0.009762,-0.006,0.003,-0.000,100*5D
$DVPDL,142593000,100000,-0.004284,-0.008006,-0.036818,-0.009,0.002,-0.001,100*79
$DVPDL,142693000,100000,0.001874,0.010023,-0.022514,-0.008,0.000,-0.001,100*73
$DVPDL,142793000,100000,0.009062,0.000482,-0.026284,-0.007,-0.000,-0.000,100*52
$DVPDL,142893000,100000,-0.001310,-0.010736,-0.030817,-0.007,0.001,0.000,100*58
$DVPDL,142993000,100000,-0.001250,-0.009058,-0.022831,-0.007,-0.001,0.000,100*71
$DVPDL,143093000,100000,0.006745,0.001535,-0.013383,-0.006,-0.002,-0.001,100*57
$DVPDL,143193000,100000,-0.000924,0.002969,-0.027832,-0.005,-0.002,-0.002,100*74
$DVPDL,143293000,100000,-0.001932,0.008509,-0.022358,-0.005,-0.003,-0.002,100*72
$DVPDL,143393000,100000,0.004517,0.003109,-0.007374,-0.007,-0.001,-0.001,100*55
$DVPDL,143493000,100000,0.006772,-0.005983,-0.002774,-0.009,-0.002,0.000,100*50
$DVPDL,143593000,100000,0.001378,-0.007609,0.007632,-0.009,-0.002,0.000,100*7C
$DVPDL,143693000,100000,0.002476,-0.005977,0.009610,-0.007,-0.003,0.001,100*71
$DVPDL,143793000,100000,-0.002707,-0.006182,-0.000288,-0.009,-0.000,0.003,100*77
$DVPDL,143893000,100000,-0.002050,-0.003528,-0.002195,-0.005,-0.000,0.000,100*7E
$DVPDL,143993000,100000,0.003008,0.001410,-0.000102,-0.006,-0.002,-0.000,100*5B
$DVPDL,144093000,100000,0.002394,-0.005107,0.005252,-0.007,-0.001,-0.001,100*55
$DVPDL,144193000,100000,0.003738,-0.010778,-0.003445,-0.005,0.001,-0.000,100*58
$DVPDL,144293000,100000,-0.002857,-0.007134,-0.003898,-0.006,0.002,0.001,100*59
$DVPDL,144393000,100000,-0.000631,-0.005428,0.005390,-0.007,0.003,0.002,100*75
$DVPDL,144493000,100000,-0.003928,-0.008745,-0.001944,-0.004,0.004,0.001,100*5E
$DVPDL,144593000,100000,-0.000424,-0.009615,-0.007005,-0.004,0.003,0.002,100*56
$DVPDL,144693000,100000,0.002600,-0.001194,-0.004901,-0.002,0.002,-0.001,100*5F
$DVPDL,144793000,100000,0.005640,0.008181,-0.002360,-0.003,0.002,0.001,100*5A
$DVPDL,144893000,100000,0.000567,0.003912,-0.008021,-0.004,0.001,0.003,100*55
$DVPDL,144993000,100000,0.000939,0.002664,-0.002100,-0.001,-0.001,0.000,100*7F
$DVPDL,145093000,100000,0.001906,0.005831,-0.006437,-0.001,-0.001,-0.001,100*5A
$DVPDL,145193000,100000,0.002444,0.006081,0.004215,-0.000,-0.001,-0.001,100*7B
$DVPDL,145293000,100000,-0.001596,-0.002661,0.007175,-0.002,-0.001,0.001,100*50
$DVPDL,145393000,100000,-0.002557,-0.004928,0.006482,-0.001,-0.000,-0.001,100*78
$DVPDL,145493000,100000,-0.000149,-0.001024,0.000404,-0.001,-0.006,0.003,100*57
$DVPDL,145593000,100000,-0.001915,0.004358,-0.000988,0.001,-0.007,0.003,100*7E
$DVPDL,145693000,100000,-0.000709,-0.003083,0.000352,0.000,-0.007,0.002,100*70
$DVPDL,145793000,100000,-0.002429,-0.004352,0.002168,0.003,-0.006,-0.001,100*5F
$DVPDL,145893000,100000,-0.001303,0.000818,-0.001906,0.004,-0.004,-0.001,100*5B
$DVPDL,145993000,100000,0.000496,0.001493,-0.003329,0.001,-0.003,0.000,100*58
$DVPDL,146093000,100000,0.000256,-0.000657,0.002692,0.002,-0.002,0.000,100*55
$DVPDL,146193000,100000,0.000751,-0.002034,0.002929,0.004,-0.001,-0.002,100*72
$DVPDL,146293000,100000,0.000220,0.000730,0.001236,0.004,0.000,-0.002,100*74
$DVPDL,146393000,100000,0.000275,0.000092,-0.002794,0.002,-0.001,-0.001,100*70
$DVPDL,146493000,100000,0.003006,0.000176,0.000214,0.002,-0.002,0.001,100*75
$DVPDL,146593000,100000,0.000609,0.000367,0.000254,0.004,-0.002,0.002,100*7D
$DVPDL,146693000,100000,0.000032,-0.002634,0.002131,-0.000,-0.001,0.001,100*77
$DVPDL,146793000,100000,0.002431,0.000106,0.004268,-0.001,-0.000,0.000,100*52
$DVPDL,146893000,100000,-0.000087,0.001287,-0.001447,0.001,0.000,-0.000,100*7E
$DVPDL,146993000,100000,-0.001085,0.000316,0.000179,-0.001,-0.001,0.001,100*7D
$DVPDL,147093000,100000,0.000886,-0.003346,0.006611,-0.002,-0.001,0.000,100*74
$DVPDL,147193000,100000,-0.000098,0.001190,0.001888,-0.005,-0.002,0.000,100*74
$DVPDL,147293000,100000,0.000710,0.004186,-0.002505,-0.004,0.003,-0.001,100*78
$DVPDL,147393000,100000,0.000757,0.000261,-0.001987,-0.007,0.003,-0.000,100*73
$DVPDL,147493000,100000,0.000732,0.001427,0.001929,-0.005,0.002,-0.001,100*59
$DVPDL,147593000,100000,-0.001790,0.000001,-0.000788,-0.006,0.001,0.001,100*79
$DVPDL,147693000,100000,-0.001078,-0.002587,0.002478,-0.003,0.001,0.001,100*79
$DVPDL,147793000,100000,0.000243,-0.001687,-0.001939,-0.004,0.001,0.000,100*7E
$DVPDL,147893000,100000,0.000931,0.002801,-0.003026,-0.005,0.000,0.002,100*56
$DVPDL,147993000,100000,0.000944,0.000283,-0.003355,-0.004,0.002,-0.000,100*7C
$DVPDL,148093000,100000,0.001148,-0.000213,-0.000454,-0.008,0.002,0.003,100*7C
$DVPDL,148193000,100000,-0.000967,0.001495,-0.000889,-0.007,0.002,0.003,100*73
$DVPDL,148293000,100000,-0.000112,-0.002713,0.000766,-0.007,-0.000,0.002,100*54
$DVPDL,148393000,100000,0.001153,0.000119,0.005824,-0.014,0.000,0.002,100*7C
$DVPDL,148493000,100000,0.000130,0.002021,0.000232,-0.014,0.002,0.001,100*7E
$DVPDL,148593000,100000,0.002452,0.006345,0.002682,-0.014,0.002,0.000,100*75
$DVPDL,148693000,100000,-0.001926,0.004148,0.001479,-0.015,0.002,0.001,100*5E
$DVPDL,148793000,100000,0.001671,-0.001664,0.008976,-0.012,0.003,0.002,100*50
$DVPDL,148893000,100000,-0.000154,-0.000552,0.005585,-0.011,0.002,0.002,100*7B
$DVPDL,148993000,100000,-0.001955,-0.000037,-0.001172,-0.008,0.001,0.003,100*5B
$DVPDL,149093000,100000,-0.000564,0.000832,-0.003840,-0.007,0.002,0.002,100*7B
$DVPDL,149193000,100000,0.000228,0.002462,-0.005184,-0.004,0.003,0.002,100*56
$DVPDL,149293000,100000,-0.000212,0.001162,-0.005653,0.001,0.002,0.003,100*52
$DVPDL,149393000,100000,-0.000345,0.000297,-0.002350,0.000,-0.001,0.002,100*77
$DVPDL,149493000,100000,-0.000419,-0.002858,-0.001743,0.002,-0.001,0.001,100*5C
$DVPDL,149593000,100000,0.001505,0.000122,-0.002095,0.000,-0.002,0.001,100*58
$DVPDL,149693000,100000,0.002679,0.001978,-0.003184,0.006,-0.002,0.002,100*53
$DVPDL,149793000,100000,-0.001854,0.000260,-0.004409,0.006,-0.003,0.001,100*7B
$DVPDL,149893000,100000,-0.001321,-0.003162,0.000951,0.006,-0.002,0.001,100*7A
$DVPDL,149993000,100000,-0.001129,0.001133,-0.002795,0.005,-0.002,0.001,100*70
$DVPDL,150093000,100000,0.000729,0.001521,-0.002113,0.007,-0.003,-0.000,100*7B
$DVPDL,150193000,100000,-0.001007,-0.001133,-0.000951,0.006,-0.004,0.001,100*51
$DVPDL,150293000,100000,-0.000734,-0.000567,0.000565,0.006,-0.004,0.002,100*75
$DVPDL,150393000,100000,0.000652,0.001440,-0.000690,0.008,-0.004,0.002,100*5A
$DVPDL,150493000,100000,-0.000515,0.000540,-0.001154,0.009,-0.006,0.002,100*7D
$DVPDL,150593000,100000,-0.000791,-0.003426,0.002319,0.008,-0.005,0.001,100*79
$DVPDL,150693000,100000,-0.001143,-0.003412,-0.000295,0.007,-0.002,-0.001,100*7A
$DVPDL,150793000,100000,0.001398,0.001143,-0.003541,0.006,-0.002,-0.001,100*70
$DVPDL,150893000,100000,-0.000795,0.001585,-0.006522,0.001,-0.002,0.002,100*7D
$DVPDL,150993000,100000,0.003012,0.001129,-0.002574,-0.001,0.003,0.001,100*5D
$DVPDL,151093000,100000,0.000575,-0.001283,-0.000637,-0.002,0.002,0.001,100*78
$DVPDL,151193000,100000,-0.001356,-0.000726,0.005986,-0.010,0.003,0.004,100*73
$DVPDL,151293000,100000,-0.002403,-0.006934,0.007717,-0.009,0.003,0.004,100*73
$DVPDL,151393000,100000,-0.003505,-0.012295,-0.002552,-0.004,0.003,0.001,100*52
$DVPDL,151493000,100000,0.001378,0.005076,-0.000911,0.003,0.001,-0.001,100*5E
$DVPDL,151593000,100000,0.002338,0.014399,-0.011277,0.004,0.003,-0.001,100*54
$DVPDL,151693000,100000,0.000859,0.011410,-0.018376,0.001,0.004,0.001,100*7C
$DVPDL,151793000,100000,0.000713,0.006787,-0.015266,-0.002,0.003,0.003,100*51
$DVPDL,151893000,100000,0.002003,0.001594,-0.007355,0.001,0.002,0.004,100*77
$DVPDL,151993000,100000,-0.000327,-0.006192,-0.004086,0.001,0.003,0.004,100*7B
$DVPDL,152093000,100000,-0.001963,-0.003189,0.012471,0.003,0.003,0.002,100*57
$DVPDL,152193000,100000,0.002744,-0.000693,0.010912,0.006,0.003,0.001,100*70
$DVPDL,152293000,100000,0.003552,-0.002222,-0.009220,0.004,0.002,-0.001,100*7A
$DVPDL,152393000,100000,0.005255,-0.006162,-0.023221,0.004,0.003,-0.000,100*77
$DVPDL,152493000,100000,0.014150,-0.012984,-0.019085,0.007,0.002,0.001,100*58
$DVPDL,152593000,100000,0.014573,-0.014569,-0.018031,0.007,0.003,0.001,100*5A
$DVPDL,152693000,100000,-0.002056,0.000864,-0.014258,0.008,0.002,-0.000,100*7A
$DVPDL,152793000,100000,-0.008672,0.018293,0.004178,0.006,0.001,-0.001,100*5B
$DVPDL,152893000,100000,-0.006415,0.012577,0.002354,0.005,0.002,-0.001,100*54
$DVPDL,152993000,100000,-0.003561,-0.000770,-0.002361,0.006,0.002,-0.001,100*51
$DVPDL,153093000,100000,0.001206,-0.000938,0.006878,0.004,0.003,-0.001,100*5B
$DVPDL,153193000,100000,-0.001802,0.005113,0.012254,0.005,0.005,-0.001,100*56
$DVPDL,153293000,100000,0.004028,0.004791,0.016033,0.007,0.005,-0.001,100*75
$DVPDL,153393000,100000,0.000745,0.001192,0.011560,0.006,0.003,0.002,100*51
$DVPDL,153493000,100000,0.005310,-0.011224,0.011387,0.005,0.002,0.004,100*7E
$DVPDL,153593000,100000,0.000677,-0.020090,0.011726,0.008,0.003,0.004,100*72
$DVPDL,153693000,100000,0.001716,-0.013933,0.016138,0.009,0.002,0.003,100*7F
$DVPDL,153793000,100000,0.003797,-0.007042,0.007451,0.009,0.004,0.002,100*72
$DVPDL,153893000,100000,0.003534,-0.002314,0.010708,0.011,0.005,0.000,100*70
$DVPDL,153993000,100000,-0.000489,0.005368,0.000882,0.011,0.005,-0.000,100*58
$DVPDL,154093000,100000,-0.003799,0.014283,-0.008507,0.012,0.002,0.000,100*5F
$DVPDL,154193000,100000,0.000555,0.022096,-0.005701,0.014,0.002,-0.001,100*52
$DVPDL,154293000,100000,-0.003817,0.012605,-0.006399,0.015,0.001,0.000,100*53
$DVPDL,154393000,100000,-0.000070,-0.004372,-0.013793,0.016,0.002,0.000,100*7D
$DVPDL,154493000,100000,0.007742,-0.012898,0.004096,0.017,0.002,0.000,100*76
$DVPDL,154593000,100000,0.003958,-0.007693,0.002881,0.017,0.002,-0.002,100*50
$DVPDL,154693000,100000,-0.010084,0.007363,0.008892,0.017,0.000,-0.001,100*5A
$DVPDL,154793000,100000,-0.012983,0.020838,0.003362,0.017,-0.001,0.000,100*58
$DVPDL,154893000,100000,-0.016730,0.013583,0.000096,0.015,-0.001,-0.002,100*7E
$DVPDL,154993000,100000,-0.016626,0.006470,0.003557,0.014,0.001,-0.002,100*57
$DVPDL,155093000,100000,0.002425,0.006358,-0.012109,0.016,0.002,-0.003,100*59
$DVPDL,155193000,100000,0.000396,0.006589,-0.019879,0.017,0.002,-0.000,100*58
$DVPDL,155293000,100000,0.001144,0.001450,-0.000732,0.016,0.002,0.002,100*73
$DVPDL,155393000,100000,0.004773,-0.005157,0.014485,0.016,0.003,0.003,100*79
$DVPDL,155493000,100000,0.002468,-0.010017,0.013125,0.017,0.003,0.004,100*7E
$DVPDL,155593000,100000,0.000357,-0.013126,0.007266,0.016,0.004,0.004,100*71
$DVPDL,155693000,100000,0.006679,-0.018845,0.011250,0.014,0.005,0.003,100*7C
$DVPDL,155793000,100000,-0.013612,-0.015278,0.001456,0.014,0.004,0.002,100*51
$DVPDL,155893000,100000,-0.029866,-0.006036,0.000914,0.014,0.005,0.001,100*58
$DVPDL,155993000,100000,-0.000932,0.004608,0.012300,0.011,0.003,0.001,100*79
$DVPDL,156093000,100000,0.028824,-0.002027,0.019485,0.012,0.001,0.001,100*72
$DVPDL,156193000,100000,0.009126,-0.017543,-0.004288,0.012,0.002,-0.000,100*7D
$DVPDL,156293000,100000,0.009183,-0.017128,0.006709,0.011,0.004,-0.002,100*5C
$DVPDL,156393000,100000,0.000619,-0.006245,-0.018128,0.011,0.003,-0.002,100*78
$DVPDL,156493000,100000,-0.013494,0.012160,-0.018707,0.009,0.003,-0.001,100*7A
$DVPDL,156593000,100000,-0.006435,-0.001289,-0.001436,0.006,0.003,-0.001,100*59
$DVPDL,156693000,100000,0.013673,-0.004107,0.009930,0.005,0.002,0.000,100*73
$DVPDL,156793000,100000,0.008727,-0.017257,0.005089,0.006,0.003,0.000,100*79
$DVPDL,156893000,100000,0.001933,-0.005410,0.014871,0.005,0.003,-0.001,100*52
$DVPDL,156993000,100000,-0.008416,0.017314,0.011062,0.003,0.001,-0.002,100*58
$DVPDL,157093000,100000,-0.007129,0.006493,-0.011785,0.001,-0.000,-0.001,100*50
$DVPDL,157193000,100000,0.001543,0.002773,-0.003234,0.002,-0.000,0.001,100*59
$DVPDL,157293000,100000,0.001276,0.002510,0.002362,0.001,0.001,-0.000,100*71
$DVPDL,157393000,100000,-0.005482,-0.000876,0.002506,-0.002,-0.000,0.001,100*5C
$DVPDL,157493000,100000,-0.003874,0.000458,-0.001244,-0.002,-0.000,-0.001,100*77
$DVPDL,157593000,100000,0.000308,0.009439,-0.002604,-0.003,-0.001,0.000,100*79
$DVPDL,157693000,100000,-0.010234,0.005722,-0.003148,-0.003,-0.000,-0.001,100*7E
$DVPDL,157793000,100000,0.009000,-0.001821,0.004118,-0.003,-0.001,-0.001,100*54
$DVPDL,157893000,100000,0.012407,-0.001656,0.005319,-0.002,-0.000,-0.000,100*5F
$DVPDL,157993000,100000,-0.007456,0.007048,-0.002194,-0.004,0.000,-0.001,100*56
$DVPDL,158093000,100000,-0.005829,0.008427,-0.007239,-0.004,-0.002,-0.000,100*7B
$DVPDL,158193000,100000,0.006876,-0.003164,0.004736,-0.002,-0.001,-0.002,100*59
$DVPDL,158293000,100000,0.005633,-0.006150,0.004919,-0.003,-0.000,-0.001,100*54
$DVPDL,158393000,100000,0.000366,0.002766,0.005620,-0.003,0.001,-0.002,100*54
$DVPDL,158493000,100000,-0.004236,0.005853,-0.001342,-0.004,0.003,-0.001,100*5E
$DVPDL,158593000,100000,-0.006155,0.008346,-0.007728,-0.003,0.003,-0.001,100*50
$DVPDL,158693000,100000,-0.000485,0.001202,0.005933,-0.004,0.003,-0.001,100*79
$DVPDL,158793000,100000,0.000913,-0.001437,0.003413,-0.005,0.002,0.000,100*5F
$DVPDL,158893000,100000,0.000051,0.004883,0.000805,-0.004,0.002,-0.001,100*51
$DVPDL,158993000,100000,-0.003545,0.007897,-0.011850,-0.003,0.000,-0.001,100*50
$DVPDL,159093000,100000,0.001642,0.000531,0.001987,-0.002,-0.001,-0.001,100*7F
$DVPDL,159193000,100000,0.006003,-0.002609,0.009617,-0.002,-0.001,0.000,100*7F
$DVPDL,159293000,100000,-0.001843,0.004027,-0.004555,-0.002,0.004,-0.003,100*58
$DVPDL,159393000,100000,-0.007655,0.009841,-0.000242,-0.000,0.003,-0.003,100*53
$DVPDL,159493000,100000,-0.008059,0.008047,-0.002231,0.001,0.002,-0.002,100*74
$DVPDL,159593000,100000,-0.001355,-0.000818,0.003418,0.000,0.002,-0.003,100*75
$DVPDL,159693000,100000,0.003425,-0.004739,0.018561,-0.002,0.001,-0.001,100*7A
$DVPDL,159793000,100000,-0.000854,0.001982,-0.006511,-0.001,0.002,-0.003,100*5E
$DVPDL,159893000,100000,-0.001594,0.003376,0.007503,-0.002,0.002,-0.002,100*7F
$DVPDL,159993000,100000,0.003381,0.002953,0.008061,-0.002,0.000,-0.000,100*51
$DVPDL,160093000,100000,-0.001149,0.003911,-0.008601,-0.001,0.000,0.000,100*7F
$DVPDL,160193000,100000,-0.004865,0.002414,-0.006153,-0.001,0.000,0.002,100*79
$DVPDL,160293000,100000,-0.006585,-0.002292,-0.010765,-0.002,-0.000,0.002,100*74
$DVPDL,160393000,100000,0.002841,-0.001322,0.003494,-0.001,0.002,0.001,100*5D
$DVPDL,160493000,100000,0.002800,-0.001976,0.008768,-0.002,0.001,0.002,100*5C
$DVPDL,160593000,100000,-0.000802,-0.003892,0.000128,-0.002,0.001,0.001,100*70
$DVPDL,160693000,100000,0.004725,0.000543,0.004239,-0.002,0.000,-0.001,100*54
$DVPDL,160793000,100000,0.001193,0.001835,-0.000495,-0.000,0.001,-0.001,100*7C
$DVPDL,160893000,100000,-0.002348,0.000045,-0.000821,0.001,-0.000,-0.001,100*54
$DVPDL,160993000,100000,0.001098,0.004300,-0.004071,0.000,0.000,-0.000,100*57
$DVPDL,161093000,100000,-0.000231,0.005061,0.000554,-0.001,-0.002,0.002,100*70
$DVPDL,161193000,100000,0.002383,-0.002851,0.005673,-0.001,-0.002,0.002,100*74
$DVPDL,161293000,100000,0.005206,-0.001926,0.001922,0.001,-0.002,0.002,100*5C
$DVPDL,161393000,100000,-0.004565,0.000905,-0.009327,0.001,-0.002,0.002,100*74
$DVPDL,161493000,100000,-0.002854,0.003504,-0.006239,0.002,-0.003,-0.000,100*58
$DVPDL,161593000,100000,0.000033,0.000395,0.003926,0.002,-0.005,-0.000,100*59
$DVPDL,161693000,100000,0.004065,0.001076,0.004415,0.000,-0.005,0.001,100*76
$DVPDL,161793000,100000,-0.000944,0.003244,-0.002888,-0.001,-0.006,0.001,100*59
$DVPDL,161893000,100000,-0.005876,0.001639,-0.007416,0.002,-0.006,0.001,100*7F
$DVPDL,161993000,100000,0.001618,-0.000814,0.002554,0.000,-0.005,0.000,100*53
$DVPDL,162093000,100000,0.001623,-0.003039,0.003273,0.000,-0.004,-0.000,100*7A
$DVPDL,162193000,100000,-0.000746,-0.001632,-0.002635,0.001,-0.002,-0.000,100*77
$DVPDL,162293000,100000,-0.004116,0.000881,-0.012295,0.002,-0.002,-0.002,100*57
$DVPDL,162393000,100000,-0.000742,0.005049,0.004476,0.001,-0.003,-0.002,100*7F
$DVPDL,162493000,100000,-0.002673,-0.000670,0.005529,-0.000,-0.004,-0.002,100*7C
$DVPDL,162593000,100000,0.004428,0.000040,0.007521,0.000,-0.004,-0.002,100*55
$DVPDL,162693000,100000,-0.006262,0.001674,-0.007870,-0.000,-0.004,-0.003,100*79
$DVPDL,162793000,100000,-0.000862,0.004192,-0.001631,-0.000,-0.006,-0.001,100*73
$DVPDL,162893000,100000,0.008650,0.004275,0.007554,0.000,-0.004,-0.001,100*58
$DVPDL,162993000,100000,-0.004339,0.003000,-0.000207,-0.002,-0.005,-0.002,100*73
$DVPDL,163093000,100000,0.000112,0.004199,0.004510,-0.004,-0.004,-0.003,100*71
$DVPDL,163193000,100000,0.008884,0.008401,0.012645,-0.005,-0.004,-0.002,100*72
$DVPDL,163293000,100000,-0.011682,0.005449,-0.002986,-0.005,-0.004,-0.001,100*72
$DVPDL,163393000,100000,-0.004445,0.003025,0.006419,-0.005,-0.003,-0.000,100*52
$DVPDL,163493000,100000,-0.001034,-0.000176,0.017397,-0.005,-0.001,0.000,100*55
$DVPDL,163593000,100000,-0.006593,0.000382,-0.006850,-0.006,-0.000,0.000,100*50
$DVPDL,163693000,100000,-0.004911,0.005447,-0.004227,-0.007,-0.001,-0.000,100*79
$DVPDL,163793000,100000,-0.005070,0.004448,-0.003123,-0.010,-0.000,0.001,100*52
$DVPDL,163893000,100000,-0.002905,-0.004769,-0.008185,-0.010,-0.001,-0.001,100*57
$DVPDL,163993000,100000,-0.000812,-0.005094,0.005636,-0.009,-0.000,-0.002,100*72
$DVPDL,164093000,100000,-0.007104,0.009970,0.013259,-0.009,0.002,-0.004,100*74
$DVPDL,164193000,100000,-0.011752,0.015764,0.007972,-0.010,0.001,-0.004,100*7D
$DVPDL,164293000,100000,-0.001575,0.007070,-0.006480,-0.011,-0.000,-0.003,100*7F
$DVPDL,164393000,100000,-0.002572,0.003568,-0.012480,-0.011,-0.001,-0.002,100*77
$DVPDL,164493000,100000,-0.006598,0.001492,-0.012044,-0.011,-0.001,-0.002,100*7A
$DVPDL,164593000,100000,0.004378,-0.004222,0.001363,-0.010,-0.002,-0.000,100*50
$DVPDL,164693000,100000,0.003675,-0.006589,-0.010065,-0.011,-0.001,-0.001,100*73
$DVPDL,164793000,100000,-0.002224,-0.006405,-0.008034,-0.012,-0.000,-0.001,100*54
$DVPDL,164893000,100000,0.001625,-0.013153,0.001148,-0.012,0.001,0.001,100*5D
$DVPDL,164993000,100000,0.000532,-0.013413,-0.003101,-0.012,0.000,0.002,100*79
$DVPDL,165093000,100000,-0.015781,0.001245,-0.005597,-0.013,-0.001,0.002,100*59
$DVPDL,165193000,100000,-0.010571,-0.003017,-0.019230,-0.011,-0.000,0.002,100*7E
$DVPDL,165293000,100000,-0.004734,-0.013241,-0.019486,-0.012,0.002,0.003,100*5D
$DVPDL,165393000,100000,-0.007454,-0.012459,0.009149,-0.014,0.002,0.003,100*78
$DVPDL,165493000,100000,-0.007863,-0.001763,0.014344,-0.015,0.003,0.000,100*7F
$DVPDL,165593000,100000,-0.007418,0.009173,0.023637,-0.014,0.003,-0.002,100*77
$DVPDL,165693000,100000,0.003885,0.010299,0.034243,-0.015,0.002,-0.003,100*5A
$DVPDL,165793000,100000,0.009566,0.005468,0.021821,-0.016,0.001,-0.005,100*51
$DVPDL,165893000,100000,0.014744,0.002977,-0.005265,-0.014,0.001,-0.004,100*76
$DVPDL,165993000,100000,0.011158,-0.003217,0.001994,-0.015,0.002,-0.004,100*76
$DVPDL,166093000,100000,0.016502,-0.005015,-0.006312,-0.016,0.001,-0.001,100*5D
$DVPDL,166193000,100000,0.011266,-0.009222,-0.004635,-0.017,0.002,0.001,100*79
$DVPDL,166293000,100000,0.002759,-0.012981,-0.007915,-0.017,0.002,0.002,100*74
$DVPDL,166393000,100000,0.007336,-0.010127,0.007787,-0.017,0.002,0.001,100*50
$DVPDL,166493000,100000,0.006715,0.004280,0.034005,-0.016,0.003,-0.001,100*55
$DVPDL,166593000,100000,0.000524,0.023048,0.043707,-0.013,0.001,-0.002,100*50
$DVPDL,166693000,100000,0.004534,0.016288,0.028949,-0.012,0.001,-0.003,100*57
$DVPDL,166793000,100000,0.012109,-0.017357,0.001072,-0.013,0.001,-0.003,100*7F
$DVPDL,166893000,100000,-0.001078,-0.008261,-0.011068,-0.013,0.001,-0.003,100*75
$DVPDL,166993000,100000,0.004984,0.014688,-0.009723,-0.013,-0.001,-0.004,100*5E
$DVPDL,167093000,100000,0.002201,0.016330,-0.014694,-0.013,0.000,-0.005,100*7E
$DVPDL,167193000,100000,-0.002643,0.011515,-0.024573,-0.011,-0.001,-0.005,100*71
$DVPDL,167293000,100000,-0.007706,0.001773,-0.017351,-0.012,-0.003,-0.004,100*72
$DVPDL,167393000,100000,-0.003237,-0.004058,-0.007849,-0.009,-0.002,-0.004,100*5E
$DVPDL,167493000,100000,0.003266,-0.002640,0.000849,-0.006,-0.002,-0.003,100*5B
$DVPDL,167593000,100000,0.005079,-0.004392,0.002084,-0.005,-0.001,-0.004,100*50
$DVPDL,167693000,100000,-0.000959,-0.006744,-0.009447,-0.003,-0.001,-0.002,100*50
$DVPDL,167793000,100000,-0.000448,0.000709,-0.005400,-0.001,-0.001,-0.003,100*72
$DVPDL,167893000,100000,0.006056,0.002493,0.002790,-0.001,-0.001,-0.002,100*7E
$DVPDL,167993000,100000,0.002033,0.001278,-0.001414,-0.001,-0.001,0.001,100*77
$DVPDL,168093000,100000,-0.001909,-0.000271,-0.005677,0.001,0.001,0.000,100*78
$DVPDL,168193000,100000,-0.000856,-0.005045,-0.000357,0.001,0.000,0.000,100*70
$DVPDL,168293000,100000,0.001685,-0.002905,-0.001354,0.004,0.001,0.000,100*53
$DVPDL,168393000,100000,0.000612,0.005850,-0.000656,0.004,0.001,-0.000,100*5D
$DVPDL,168493000,100000,-0.002061,-0.000112,-0.001138,0.002,0.001,-0.001,100*59
$DVPDL,168593000,100000,-0.000628,-0.003493,0.002281,0.002,-0.001,0.000,100*70
$DVPDL,168693000,100000,0.000914,-0.002060,0.000906,-0.001,-0.001,0.000,100*7F
$DVPDL,168793000,100000,0.000474,0.003708,-0.002730,-0.000,-0.000,-0.001,100*58
$DVPDL,168893000,100000,0.001170,0.004636,-0.001272,0.000,-0.001,-0.000,100*71
$DVPDL,168993000,100000,0.000003,0.000505,-0.001274,-0.002,-0.000,-0.001,100*5A
$DVPDL,169093000,100000,-0.000317,0.001883,-0.000112,-0.003,-0.002,-0.001,100*7A
$DVPDL,169193000,100000,-0.000205,0.002322,-0.001338,-0.002,-0.002,-0.002,100*73
$DVPDL,169293000,100000,-0.000351,0.001156,-0.003715,-0.004,-0.001,0.000,100*51
$DVPDL,169393000,100000,-0.000846,0.002875,0.002247,-0.004,-0.001,0.001,100*79
$DVPDL,169493000,100000,-0.000438,-0.000965,-0.001741,-0.005,-0.002,-0.000,100*57
$DVPDL,169593000,100000,-0.000772,0.004383,-0.006019,-0.003,-0.000,0.000,100*54
$DVPDL,169693000,100000,0.000261,0.002062,-0.006244,-0.002,-0.001,-0.001,100*51
$DVPDL,169793000,100000,0.001408,-0.003190,-0.010641,0.001,-0.000,-0.001,100*51
$DVPDL,169893000,100000,0.000690,0.001282,-0.002975,0.000,-0.000,-0.000,100*78
$DVPDL,169993000,100000,0.001235,-0.000034,-0.000671,0.001,0.001,-0.001,100*75
$DVPDL,170093000,100000,-0.000375,0.001071,0.000287,0.003,-0.000,0.001,100*53
$DVPDL,170193000,100000,-0.000492,-0.003099,-0.000144,0.003,-0.001,0.001,100*55
$DVPDL,170293000,100000,0.002088,-0.002281,0.000622,0.002,0.000,0.000,100*7A
$DVPDL,170393000,100000,-0.000241,0.000565,0.000141,0.003,-0.002,0.001,100*5C
$DVPDL,170493000,100000,0.000079,-0.002327,-0.000698,0.006,-0.001,-0.001,100*55
$DVPDL,170593000,100000,-0.000175,-0.001082,0.001726,0.007,-0.002,-0.001,100*51
$DVPDL,170693000,100000,0.001430,-0.002234,0.002732,0.004,-0.007,0.003,100*59
$DVPDL,170793000,100000,0.000330,-0.002871,-0.000237,0.004,-0.008,0.002,100*74
$DVPDL,170893000,100000,0.001393,-0.000553,0.002295,0.003,-0.006,0.000,100*50
$DVPDL,170993000,100000,0.000388,-0.002766,-0.000242,0.008,-0.004,-0.001,100*5C
$DVPDL,171093000,100000,0.000298,0.000271,0.000439,0.005,-0.005,-0.002,100*50
$DVPDL,171193000,100000,-0.001343,0.000830,0.001366,0.005,-0.004,-0.003,100*79
$DVPDL,171293000,100000,-0.000815,-0.000711,0.001971,0.005,-0.004,-0.001,100*5C
$DVPDL,171393000,100000,-0.001913,0.000108,-0.000157,0.003,-0.003,0.002,100*77
$DVPDL,171493000,100000,-0.001572,-0.002788,0.005521,0.005,-0.004,0.001,100*75
$DVPDL,171593000,100000,-0.001994,-0.007369,0.008182,0.004,-0.002,0.000,100*78
$DVPDL,171693000,100000,-0.000638,0.000604,0.005120,-0.001,-0.001,0.000,100*79
$DVPDL,171793000,100000,0.001594,0.002731,-0.003452,-0.000,0.001,-0.001,100*7F
$DVPDL,171893000,100000,-0.000412,-0.000228,0.002135,-0.002,0.000,-0.001,100*5A
$DVPDL,171993000,100000,0.001693,-0.002203,0.004697,0.000,-0.002,-0.001,100*7E
$DVPDL,172093000,100000,0.000444,0.000286,-0.003666,-0.001,-0.006,0.002,100*7D
$DVPDL,172193000,100000,0.001564,0.003169,-0.003628,-0.002,-0.005,0.001,100*76
$DVPDL,172293000,100000,0.000416,-0.001206,-0.002635,-0.001,-0.002,-0.002,100*72
$DVPDL,172393000,100000,-0.000887,-0.004675,-0.002449,0.001,-0.002,-0.001,100*78
$DVPDL,172493000,100000,-0.001404,0.001729,-0.005006,0.001,-0.001,0.001,100*7F
$DVPDL,172593000,100000,-0.000668,0.003008,-0.001307,-0.000,-0.001,0.001,100*5B
$DVPDL,172693000,100000,-0.000118,-0.000954,0.002377,-0.002,-0.002,0.002,100*5D
$DVPDL,172793000,100000,0.000029,0.000519,0.005682,0.003,-0.001,-0.002,100*50
$DVPDL,172893000,100000,-0.000204,0.000863,0.000847,-0.001,-0.000,-0.002,100*53
$DVPDL,172993000,100000,0.001109,0.002646,-0.002197,0.002,-0.001,-0.001,100*7C
$DVPDL,173093000,100000,0.001568,0.003972,-0.004405,0.002,-0.001,-0.001,100*76
$DVPDL,173193000,100000,0.000481,0.002351,-0.004167,0.003,-0.001,-0.001,100*7A
$DVPDL,173293000,100000,0.004906,0.001369,0.002543,0.004,-0.001,0.000,100*75
$DVPDL,173393000,100000,-0.000995,0.005418,-0.002031,0.004,-0.000,-0.000,100*53
$DVPDL,173493000,100000,-0.003474,-0.001382,-0.000060,0.002,-0.001,0.000,100*54
$DVPDL,173593000,100000,-0.000017,-0.003040,0.004138,0.003,-0.001,0.000,100*7C
$DVPDL,173693000,100000,0.002155,0.001249,0.002159,0.005,-0.001,0.001,100*75
$DVPDL,173793000,100000,0.007870,0.003856,-0.001031,0.005,-0.002,0.001,100*5B
$DVPDL,173893000,100000,0.004545,0.006645,-0.000732,0.009,-0.001,0.002,100*5C
$DVPDL,173993000,100000,-0.002799,0.009552,0.000523,0.008,-0.001,0.002,100*51
$DVPDL,174093000,100000,0.001683,0.000772,0.004259,0.007,-0.002,0.001,100*73
$DVPDL,174193000,100000,-0.000848,0.000812,0.003783,0.006,0.000,-0.000,100*59
$DVPDL,174293000,100000,-0.002769,-0.000498,-0.008794,0.006,-0.001,-0.001,100*7A
$DVPDL,174393000,100000,-0.005669,0.011010,-0.005973,0.005,-0.001,-0.001,100*5D
$DVPDL,174493000,100000,-0.005523,0.005267,-0.012600,0.005,0.001,-0.001,100*70
$DVPDL,174593000,100000,-0.001725,-0.004689,-0.018111,0.005,0.002,-0.001,100*57
$DVPDL,174693000,100000,0.007873,0.009756,-0.009712,0.003,0.002,-0.001,100*53
$DVPDL,174793000,100000,-0.008611,0.012191,-0.005495,0.002,0.003,-0.000,100*7C
$DVPDL,174893000,100000,-0.004311,-0.007144,0.008268,0.000,0.003,0.001,100*51
$DVPDL,174993000,100000,-0.001204,-0.005481,0.004337,0.001,0.003,0.001,100*58
$DVPDL,175093000,100000,-0.001492,0.003496,0.002437,-0.001,0.000,0.002,100*58
$DVPDL,175193000,100000,0.004099,-0.005952,0.003950,-0.003,-0.000,0.001,100*71
$DVPDL,175293000,100000,0.001487,-0.007158,-0.005403,0.003,0.001,-0.003,100*72
$DVPDL,175393000,100000,-0.005161,0.011055,-0.011815,0.002,0.007,-0.005,100*7E
$DVPDL,175493000,100000,0.001486,0.011247,-0.020062,0.001,0.006,-0.002,100*52
$DVPDL,175593000,100000,-0.004873,0.002699,-0.012951,-0.002,0.005,-0.001,100*5E
$DVPDL,175693000,100000,0.007353,-0.000127,0.002387,0.007,0.004,0.005,100*7A
$DVPDL,175793000,100000,-0.003808,0.008465,-0.008663,0.008,0.004,0.004,100*57
$DVPDL,175893000,100000,-0.004906,-0.003817,-0.000592,0.009,0.003,0.005,100*7D
$DVPDL,175993000,100000,-0.004662,-0.022018,0.005253,0.006,0.002,0.005,100*59
$DVPDL,176093000,100000,0.006476,-0.046493,-0.004116,0.008,0.002,0.002,100*59
$DVPDL,176193000,100000,0.003271,-0.018287,0.008211,0.009,0.003,0.001,100*72
$DVPDL,176293000,100000,-0.015682,0.021468,-0.008043,0.007,0.002,-0.000,100*78
$DVPDL,176393000,100000,-0.022669,0.006041,-0.013926,0.007,0.001,0.001,100*5D
$DVPDL,176493000,100000,0.009488,-0.000277,0.000998,0.007,-0.001,0.000,100*59
$DVPDL,176593000,100000,-0.011820,-0.009510,-0.015013,0.010,0.001,0.003,100*76
$DVPDL,176693000,100000,-0.008115,-0.001883,-0.014635,0.008,0.001,0.001,100*75
$DVPDL,176793000,100000,0.003156,0.006641,-0.009177,0.007,0.000,0.001,100*7C
$DVPDL,176893000,100000,0.012261,-0.011387,-0.025095,0.005,-0.004,0.002,100*7B
$DVPDL,176993000,100000,0.006995,0.009729,-0.012139,0.005,-0.003,-0.000,100*70
$DVPDL,177093000,100000,0.008257,0.026330,0.004163,0.005,-0.003,-0.002,100*55
$DVPDL,177193000,100000,0.005841,0.012566,-0.001124,0.004,-0.002,-0.002,100*7D
$DVPDL,177293000,100000,0.000898,-0.002898,-0.007331,0.003,-0.001,-0.001,100*58
$DVPDL,177393000,100000,0.000554,0.000482,0.007666,0.003,-0.001,-0.001,100*56
$DVPDL,177493000,100000,-0.004488,0.001331,0.006793,-0.001,0.000,0.001,100*52
$DVPDL,177593000,100000,-0.004881,-0.013492,0.014957,-0.000,0.000,0.002,100*71
$DVPDL,177693000,100000,-0.004073,-0.025217,0.012486,0.001,-0.001,0.003,100*7F
$DVPDL,177793000,100000,-0.003276,-0.012454,0.010702,-0.000,-0.002,0.001,100*5B
$DVPDL,177893000,100000,0.000373,0.003587,0.010655,0.001,-0.001,0.000,100*71
$DVPDL,177993000,100000,0.005586,-0.001165,-0.002343,0.000,-0.001,0.000,100*73
$DVPDL,178093000,100000,-0.001092,-0.002741,-0.002572,0.001,-0.001,0.001,100*5B
$DVPDL,178193000,100000,0.005760,-0.009093,0.011934,-0.007,-0.001,-0.002,100*5E
$DVPDL,178293000,100000,0.008528,0.002289,0.006589,-0.008,-0.002,-0.002,100*71
$DVPDL,178393000,100000,-0.000078,0.009528,-0.004971,-0.007,-0.001,-0.002,100*7A
$DVPDL,178493000,100000,-0.002641,0.006153,-0.002274,-0.006,0.000,-0.001,100*52
$DVPDL,178593000,100000,0.000875,0.000337,0.007002,-0.008,0.000,0.002,100*78
$DVPDL,178693000,100000,-0.003348,0.000952,0.003653,-0.010,-0.000,0.004,100*7D
$DVPDL,178793000,100000,-0.002076,-0.003781,0.006729,-0.008,-0.001,0.002,100*5A
$DVPDL,178893000,100000,-0.001128,-0.000307,0.003761,-0.008,0.000,0.001,100*73
$DVPDL,178993000,100000,0.001429,0.006211,-0.001165,-0.006,-0.000,0.000,100*79
$DVPDL,179093000,100000,0.000271,0.010626,0.000536,-0.005,0.002,-0.000,100*53
$DVPDL,179193000,100000,0.000880,0.004589,0.001527,-0.005,0.001,0.000,100*7A
$DVPDL,179293000,100000,0.001597,-0.003028,0.000123,-0.004,0.001,0.000,100*57
$DVPDL,179393000,100000,0.000893,0.001813,0.008373,-0.003,0.001,0.000,100*79
$DVPDL,179493000,100000,0.000982,0.000453,0.004824,-0.002,-0.001,-0.000,100*72
$DVPDL,179593000,100000,0.003224,0.002704,-0.000167,-0.001,-0.001,-0.001,100*51
$DVPDL,179693000,100000,0.000386,0.007790,-0.007341,-0.002,-0.001,0.000,100*7E
$DVPDL,179793000,100000,-0.001582,-0.002047,0.002648,-0.001,-0.001,0.000,100*53
$DVPDL,179893000,100000,-0.001319,-0.007044,0.002202,-0.000,-0.001,0.000,100*55
$DVPDL,179993000,100000,0.002282,0.000101,0.001108,0.001,-0.001,0.000,100*75
$DVPDL,180093000,100000,0.000473,-0.002150,-0.004328,0.001,0.001,0.000,100*5E
$DVPDL,180193000,100000,-0.005532,-0.004263,0.002410,0.003,-0.000,0.001,100*7E
$DVPDL,180293000,100000,-0.003439,-0.001918,0.009278,0.003,-0.001,0.001,100*71
$DVPDL,180393000,100000,-0.001860,-0.003260,0.002990,0.002,-0.000,0.000,100*73
$DVPDL,180493000,100000,-0.003630,-0.001329,-0.003698,0.001,0.001,-0.001,100*5B
$DVPDL,180593000,100000,0.001995,-0.016260,0.005432,-0.000,0.003,0.001,100*55
$DVPDL,180693000,100000,0.008854,-0.013397,-0.007120,0.001,0.002,0.002,100*58
$DVPDL,180793000,100000,-0.005991,0.004763,-0.006888,0.003,0.001,0.001,100*5D
$DVPDL,180893000,100000,-0.003253,0.009605,0.002856,0.002,0.001,0.001,100*76
$DVPDL,180993000,100000,0.000651,-0.013599,0.016150,-0.005,-0.001,0.005,100*76
$DVPDL,181093000,100000,-0.007415,-0.012382,0.002603,-0.004,0.000,0.005,100*72
$DVPDL,181193000,100000,-0.003909,-0.012415,0.009311,-0.003,0.002,0.002,100*71
$DVPDL,181293000,100000,0.014076,0.009457,0.021436,0.002,0.002,-0.001,100*73
$DVPDL,181393000,100000,0.003230,0.028400,0.012557,-0.003,0.001,-0.002,100*5F
$DVPDL,181493000,100000,0.004874,0.006860,0.012185,-0.002,-0.001,-0.002,100*74
$DVPDL,181593000,100000,0.004798,-0.008786,0.003922,0.000,-0.002,-0.003,100*74
$DVPDL,181693000,100000,-0.003403,-0.006731,-0.007905,-0.000,-0.001,-0.004,100*5B
$DVPDL,181793000,100000,0.005794,-0.007568,-0.013551,0.000,0.002,-0.007,100*7B
$DVPDL,181893000,100000,-0.002544,0.012488,-0.021488,-0.000,0.004,-0.009,100*56
$DVPDL,181993000,100000,-0.039235,0.028457,-0.026666,0.003,0.003,-0.007,100*77
$DVPDL,182093000,100000,-0.016568,0.013949,-0.029597,0.003,0.002,-0.008,100*79
$DVPDL,182193000,100000,0.006224,0.023651,-0.005667,0.004,0.002,-0.005,100*56
$DVPDL,182293000,100000,-0.005119,0.019634,-0.003166,0.003,0.002,-0.001,100*7F
$DVPDL,182393000,100000,-0.018289,-0.012372,0.015728,0.004,0.002,0.002,100*56
$DVPDL,182493000,100000,-0.001648,-0.043703,0.043276,0.006,0.002,0.005,100*5E
$DVPDL,182593000,100000,-0.001547,-0.017427,0.007781,0.006,0.002,0.004,100*5B
$DVPDL,182693000,100000,-0.005583,0.008143,0.007700,0.006,0.001,0.005,100*7B
$DVPDL,182793000,100000,-0.015639,-0.010219,-0.006074,0.005,0.001,0.005,100*7A
$DVPDL,182893000,100000,-0.013789,-0.017194,-0.004807,0.005,0.001,0.005,100*76
$DVPDL,182993000,100000,-0.005485,-0.003851,0.013494,0.003,0.002,0.005,100*52
$DVPDL,183093000,100000,-0.007074,-0.002351,0.000071,0.001,0.003,0.005,100*56
$DVPDL,183193000,100000,-0.004273,-0.010546,-0.001422,-0.000,0.004,0.002,100*50
$DVPDL,183293000,100000,-0.000104,-0.004977,-0.007895,-0.001,0.002,0.000,100*5C
$DVPDL,183393000,100000,0.005120,0.001312,-0.017214,0.001,0.001,-0.001,100*52
$DVPDL,183493000,100000,-0.002428,-0.006246,-0.007222,-0.000,0.001,-0.001,100*70
$DVPDL,183593000,100000,-0.001313,-0.005099,0.011610,-0.000,0.001,0.001,100*7C
$DVPDL,183693000,100000,-0.004372,-0.002391,-0.000163,-0.002,0.004,0.002,100*5B
$DVPDL,183793000,100000,0.002156,-0.005808,-0.011497,-0.002,0.003,0.001,100*73
$DVPDL,183893000,100000,0.004750,0.005362,-0.013097,-0.003,0.001,0.003,100*57
$DVPDL,183993000,100000,-0.004811,-0.010275,-0.018840,-0.002,0.001,0.002,100*56
$DVPDL,184093000,100000,-0.005656,-0.012182,-0.007385,-0.004,0.001,0.002,100*57
$DVPDL,184193000,100000,-0.005486,-0.003745,0.003569,-0.002,-0.002,0.001,100*52
$DVPDL,184293000,100000,-0.007671,-0.001742,-0.010818,-0.001,-0.003,0.000,100*7B
$DVPDL,184393000,100000,-0.001540,0.008364,-0.007729,0.000,-0.003,-0.001,100*52
$DVPDL,184493000,100000,-0.003352,0.007793,-0.008264,-0.002,-0.002,0.001,100*51
$DVPDL,184593000,100000,-0.003497,-0.003967,-0.001869,-0.001,-0.001,0.002,100*7F
$DVPDL,184693000,100000,-0.000460,-0.005871,0.009539,-0.000,-0.002,0.001,100*5B
$DVPDL,184793000,100000,0.000011,-0.002721,0.005429,0.004,-0.002,-0.001,100*70
$DVPDL,184893000,100000,0.003588,0.001118,-0.003595,0.004,-0.003,0.000,100*5B
$DVPDL,184993000,100000,-0.005037,0.008672,-0.012810,0.006,-0.003,-0.000,100*5D
$DVPDL,185093000,100000,-0.005932,0.001683,-0.001294,0.005,0.001,0.000,100*5B
$DVPDL,185193000,100000,0.003218,-0.006566,0.007070,0.004,0.001,-0.001,100*5E
$DVPDL,185293000,100000,0.011137,0.016588,0.005063,0.005,0.002,-0.003,100*7C
$DVPDL,185393000,100000,0.004778,0.021813,-0.005843,0.007,-0.001,-0.003,100*74
$DVPDL,185493000,100000,0.012556,0.009263,-0.019721,0.006,-0.001,-0.001,100*78
$DVPDL,185593000,100000,0.002522,0.001733,-0.007943,0.004,-0.001,-0.001,100*74
$DVPDL,185693000,100000,0.001175,-0.002156,0.009345,0.004,0.000,0.001,100*77
$DVPDL,185793000,100000,-0.008540,-0.005445,0.006856,0.003,0.001,0.001,100*50
$DVPDL,185893000,100000,-0.006852,-0.001932,0.008780,-0.002,-0.000,0.001,100*5C
$DVPDL,185993000,100000,-0.005574,0.002492,-0.001198,-0.007,0.005,0.005,100*7C
$DVPDL,186093000,100000,-0.005877,0.003777,-0.004277,-0.010,0.004,0.002,100*76
$DVPDL,186193000,100000,-0.002961,0.001626,0.001318,-0.007,0.004,-0.000,100*78
$DVPDL,186293000,100000,-0.001677,-0.000712,0.001935,-0.007,0.005,0.002,100*71
$DVPDL,186393000,100000,0.001564,0.000385,0.002775,-0.007,0.003,-0.000,100*5B
$DVPDL,186493000,100000,0.003482,0.003926,0.002549,-0.006,0.001,-0.001,100*58
$DVPDL,186593000,100000,0.013774,0.010003,0.014240,-0.007,0.002,0.001,100*78
$DVPDL,186693000,100000,0.015735,0.007503,0.010864,-0.006,0.002,0.001,100*72
$DVPDL,186793000,100000,0.009010,-0.014325,-0.009637,-0.005,0.002,0.001,100*7D
$DVPDL,186893000,100000,0.004082,0.002951,0.004877,-0.004,0.003,-0.001,100*50
$DVPDL,186993000,100000,0.000257,0.003572,-0.002800,-0.003,0.002,0.000,100*52
$DVPDL,187093000,100000,-0.008212,-0.005954,-0.008876,-0.003,0.002,0.002,100*54
$DVPDL,187193000,100000,-0.004239,-0.007331,0.000019,-0.004,0.002,0.002,100*78
$DVPDL,187293000,100000,-0.002013,-0.002666,-0.003646,-0.003,0.004,0.001,100*55
$DVPDL,187393000,100000,0.000514,0.000984,-0.003826,-0.002,0.003,0.001,100*5B
$DVPDL,187493000,100000,-0.001158,-0.001771,-0.000160,-0.002,0.002,-0.000,100*71
$DVPDL,187593000,100000,-0.000957,-0.003191,0.004214,-0.001,0.001,-0.000,100*55
$DVPDL,187693000,100000,-0.000552,-0.002283,-0.000868,0.001,0.001,-0.001,100*5A
$DVPDL,187793000,100000,0.002029,0.000620,-0.001423,0.001,0.000,-0.002,100*5F
$DVPDL,187893000,100000,0.001636,0.000384,-0.001620,0.001,-0.001,-0.002,100*7D
$DVPDL,187993000,100000,-0.001093,-0.001026,0.000700,-0.001,-0.000,-0.003,100*7D
$DVPDL,188093000,100000,0.001035,-0.000152,-0.000417,-0.000,-0.001,-0.002,100*70
$DVPDL,188193000,100000,-0.003592,-0.001111,-0.005504,-0.000,-0.001,-0.001,100*55
$DVPDL,188293000,100000,-0.001164,-0.000257,-0.001407,-0.000,-0.003,-0.001,100*5D
$DVPDL,188393000,100000,-0.002120,0.005809,-0.001604,-0.002,-0.003,0.001,100*58
$DVPDL,188493000,100000,-0.003712,0.010278,-0.006501,0.001,-0.002,-0.001,100*52
$DVPDL,188593000,100000,-0.001811,0.006686,0.004091,0.001,-0.004,-0.000,100*7B
$DVPDL,188693000,100000,-0.001143,-0.005189,0.005920,0.001,-0.003,0.002,100*7A
$DVPDL,188793000,100000,-0.004158,0.004181,0.001625,0.000,-0.002,0.002,100*5E
$DVPDL,188893000,100000,-0.002212,-0.002593,0.005854,-0.001,-0.000,0.005,100*53
$DVPDL,188993000,100000,-0.005093,-0.009505,0.007156,0.002,0.001,0.006,100*52
$DVPDL,189093000,100000,-0.001271,-0.006335,0.002687,0.003,0.004,0.005,100*53
$DVPDL,189193000,100000,0.000202,-0.000597,-0.001853,0.003,0.003,0.001,100*58
$DVPDL,189293000,100000,0.003684,0.004652,-0.001927,0.003,-0.001,-0.000,100*70
$DVPDL,189393000,100000,-0.000957,0.002713,-0.003279,0.002,-0.002,-0.001,100*5D
$DVPDL,189493000,100000,-0.000245,-0.011076,0.011407,0.002,-0.002,-0.001,100*58
$DVPDL,189593000,100000,0.004128,-0.010590,0.009369,0.002,-0.004,-0.002,100*77
$DVPDL,189693000,100000,-0.002834,0.001384,-0.003170,0.003,-0.004,0.000,100*76
$DVPDL,189793000,100000,-0.001551,-0.001373,-0.002096,0.001,-0.005,-0.000,100*79
$DVPDL,189893000,100000,-0.001171,-0.003159,-0.002772,-0.002,-0.004,0.000,100*77
$DVPDL,189993000,100000,-0.000084,-0.003393,0.000110,-0.002,-0.005,0.000,100*54
$DVPDL,190093000,100000,0.004250,-0.006392,0.003107,-0.002,-0.003,0.002,100*72
$DVPDL,190193000,100000,0.003645,-0.002150,0.001248,-0.002,-0.002,0.002,100*77
$DVPDL,190293000,100000,0.001415,0.006154,-0.002879,0.000,-0.001,0.002,100*56
$DVPDL,190393000,100000,-0.001249,-0.005964,-0.002416,0.001,-0.000,0.002,100*55
$DVPDL,190493000,100000,-0.002074,-0.002744,0.005870,0.004,0.001,0.001,100*5A
$DVPDL,190593000,100000,0.011611,0.000995,0.010146,0.004,0.002,0.000,100*56
$DVPDL,190693000,100000,0.021070,0.001315,0.001134,0.004,0.001,-0.001,100*7E
$DVPDL,190793000,100000,-0.034341,-0.011219,-0.017468,0.002,0.003,-0.000,100*55
$DVPDL,190893000,100000,-0.020820,-0.015754,0.009106,0.002,0.003,-0.000,100*74
$DVPDL,190993000,100000,0.009497,-0.000382,0.016428,0.003,0.000,-0.002,100*5F
$DVPDL,191093000,100000,0.019761,-0.009906,-0.005515,0.002,-0.001,-0.003,100*5F
$DVPDL,191193000,100000,0.014797,0.034654,-0.087444,-0.000,-0.002,-0.008,100*59
$DVPDL,191293000,100000,0.043773,0.126631,-0.039440,-0.002,-0.003,-0.008,100*51
$DVPDL,191393000,100000,0.119476,0.046701,-0.018840,0.002,-0.003,-0.007,100*70
$DVPDL,191493000,100000,0.073108,0.011526,0.013605,0.000,-0.003,-0.006,100*59
$DVPDL,191593000,100000,-0.018111,-0.009962,-0.005504,-0.002,-0.004,-0.004,100*5A
$DVPDL,191693000,100000,-0.082217,-0.026704,0.011467,-0.001,-0.002,0.003,100*5F
$DVPDL,191793000,100000,-0.004798,-0.091394,0.049805,0.001,-0.005,0.006,100*79
$DVPDL,191893000,100000,-0.024969,-0.085305,0.075205,0.001,-0.007,0.007,100*7F
$DVPDL,191993000,100000,-0.001556,-0.031358,0.060459,0.001,-0.007,0.005,100*77
$DVPDL,192093000,100000,-0.011283,0.011572,-0.006669,0.003,-0.006,0.002,100*7A
$DVPDL,192193000,100000,-0.004967,0.032361,-0.048191,0.001,-0.005,0.001,100*73
$DVPDL,192293000,100000,-0.011153,0.033542,-0.045087,0.001,-0.006,0.000,100*74
$DVPDL,192393000,100000,-0.007944,0.015326,-0.039553,0.001,-0.004,0.000,100*79
$DVPDL,192493000,100000,-0.006464,-0.006914,-0.020877,-0.000,-0.006,-0.000,100*54
$DVPDL,192593000,100000,-0.002810,-0.011362,-0.011771,0.001,-0.004,0.000,100*5B
$DVPDL,192693000,100000,-0.004722,0.005572,-0.021435,0.002,-0.002,-0.001,100*56
$DVPDL,192793000,100000,-0.020489,0.031694,-0.026340,-0.004,-0.002,-0.001,100*76
$DVPDL,192893000,100000,0.000699,0.021911,-0.011459,-0.005,-0.002,-0.001,100*5C
$DVPDL,192993000,100000,0.002953,-0.004701,-0.014837,-0.005,-0.002,-0.002,100*71
$DVPDL,193093000,100000,-0.001302,0.000917,-0.007430,-0.003,-0.002,-0.002,100*76
$DVPDL,193193000,100000,-0.001509,0.002573,0.005509,-0.001,-0.001,-0.004,100*55
$DVPDL,193293000,100000,-0.005093,-0.004144,-0.002995,0.001,-0.002,-0.005,100*73
$DVPDL,193393000,100000,-0.002900,0.001545,-0.005890,0.002,0.000,-0.005,100*74
$DVPDL,193493000,100000,0.005174,0.002671,-0.001274,0.002,-0.001,-0.004,100*7C
$DVPDL,193593000,100000,0.000206,0.000776,-0.003517,0.002,0.000,-0.003,100*51
$DVPDL,193693000,100000,0.005177,0.003746,0.003162,0.004,-0.001,-0.003,100*53
$DVPDL,193793000,100000,-0.002380,0.012209,0.003127,0.003,-0.002,-0.005,100*7F
$DVPDL,193893000,100000,-0.001771,0.018704,0.012179,0.001,-0.002,-0.005,100*72
$DVPDL,193993000,100000,-0.000119,0.009974,0.003870,0.002,-0.002,-0.002,100*77
$DVPDL,194093000,100000,-0.003779,-0.000674,0.006389,0.001,-0.001,-0.001,100*5A
$DVPDL,194193000,100000,-0.004569,-0.001392,-0.011172,0.001,-0.002,-0.001,100*7D
$DVPDL,194293000,100000,-0.014480,0.006027,-0.022864,0.001,-0.002,-0.000,100*51
$DVPDL,194393000,100000,-0.009012,0.006530,-0.012012,0.002,-0.001,0.000,100*77
$DVPDL,194493000,100000,-0.003081,0.004978,-0.005850,0.003,0.004,0.004,100*57
$DVPDL,194593000,100000,-0.014960,-0.004365,-0.006909,0.003,0.004,0.005,100*72
$DVPDL,194693000,100000,-0.014367,-0.010966,0.013952,0.003,0.003,0.006,100*53
$DVPDL,194793000,100000,-0.000382,-0.013235,0.013472,0.003,0.000,0.003,100*5B
$DVPDL,194893000,100000,-0.007152,-0.003277,0.004330,0.002,0.001,0.003,100*5C
$DVPDL,194993000,100000,0.013490,0.001913,0.004930,0.002,-0.001,0.001,100*7D
$DVPDL,195093000,100000,0.009352,0.002842,-0.010317,0.001,-0.000,-0.001,100*79
$DVPDL,195193000,100000,0.002094,-0.000406,-0.001828,-0.000,0.000,-0.000,100*5E
$DVPDL,195293000,100000,-0.001932,-0.012690,-0.001122,-0.001,-0.001,0.000,100*7B
$DVPDL,195393000,100000,-0.008255,-0.015349,-0.012157,-0.004,-0.002,-0.004,100*50
$DVPDL,195493000,100000,0.002472,0.007319,-0.034456,-0.003,-0.003,-0.009,100*53
$DVPDL,195593000,100000,0.002368,0.018266,-0.036531,-0.003,-0.007,-0.011,100*56
$DVPDL,195693000,100000,-0.005016,0.014617,-0.012358,-0.002,-0.007,-0.011,100*75
$DVPDL,195793000,100000,0.004194,0.006061,0.022452,-0.001,-0.009,-0.009,100*70
$DVPDL,195893000,100000,0.018401,-0.006872,0.012216,-0.001,-0.010,-0.007,100*5F
$DVPDL,195993000,100000,0.002463,-0.002472,-0.033943,-0.001,-0.008,-0.005,100*77
$DVPDL,196093000,100000,-0.009099,-0.015621,-0.029855,-0.001,-0.007,-0.002,100*5D
$DVPDL,196193000,100000,-0.007470,-0.053252,0.015408,-0.000,-0.006,-0.001,100*76
$DVPDL,196293000,100000,-0.016313,-0.019852,0.085793,0.000,-0.004,-0.001,100*54
$DVPDL,196393000,100000,-0.020558,0.017999,0.012003,-0.000,-0.003,-0.003,100*54
$DVPDL,196493000,100000,-0.009012,0.039976,-0.029462,0.001,-0.002,-0.004,100*52
$DVPDL,196593000,100000,-0.003960,-0.002127,-0.030661,0.001,-0.000,-0.006,100*75
$DVPDL,196693000,100000,-0.003305,-0.024374,-0.025754,-0.000,0.002,-0.008,100*71
$DVPDL,196793000,100000,-0.008629,-0.030911,0.037160,0.001,0.004,-0.007,100*76
$DVPDL,196893000,100000,0.016669,-0.043465,0.068893,-0.000,0.003,-0.006,100*70
$DVPDL,196993000,100000,0.000227,-0.015728,-0.025199,0.002,0.003,-0.007,100*78
$DVPDL,197093000,100000,0.020093,0.023531,-0.074840,0.001,0.003,-0.009,100*59
$DVPDL,197193000,100000,-0.021909,0.010980,-0.064287,0.001,0.003,-0.009,100*78
$DVPDL,197293000,100000,0.014605,0.006557,-0.097975,0.001,0.004,-0.008,100*5E
$DVPDL,197393000,100000,0.056582,0.043235,-0.021073,0.002,-0.001,-0.004,90*4A
$DVPDL,197493000,100000,0.011568,-0.000517,0.027915,-0.002,0.002,0.007,100*50
$DVPDL,197593000,100000,-0.029376,0.022877,0.042432,-0.003,0.002,0.008,100*5D
$DVPDL,197693000,100000,-0.008190,0.033227,0.023676,-0.003,0.002,0.006,100*53
$DVPDL,197793000,100000,0.004294,0.006136,0.021471,-0.003,0.001,0.002,100*71
$DVPDL,197893000,100000,0.022853,-0.011275,0.023431,-0.004,0.000,-0.003,100*78
$DVPDL,197993000,100000,0.041640,-0.007244,-0.008854,-0.006,0.000,-0.005,100*5A
$DVPDL,198093000,100000,0.020698,0.012594,-0.033061,-0.005,0.000,-0.005,100*78
$DVPDL,198193000,100000,-0.005186,-0.000405,-0.008695,-0.005,0.001,-0.005,100*78
$DVPDL,198293000,100000,-0.009301,-0.022827,-0.000938,-0.005,0.002,-0.006,100*76
$DVPDL,198393000,100000,-0.042118,0.035235,0.027768,-0.005,0.002,-0.006,90*4B
$DVPDL,198493000,100000,0.002012,0.011105,0.030538,-0.005,0.002,-0.007,80*69
$DVPDL,198593000,100000,0.026167,-0.060494,0.005095,-0.005,0.002,-0.007,70*40
$DVPDL,198693000,100000,0.002965,0.000746,0.025152,-0.006,0.002,-0.007,60*62
$DVPDL,198793000,100000,-0.018222,0.034538,0.021951,-0.006,0.002,-0.008,50*42
$DVPDL,198893000,100000,0.005024,0.000637,0.068907,-0.006,0.002,-0.008,40*6C
$DVPDL,198993000,100000,0.034303,-0.006640,0.116203,-0.006,0.002,-0.008,30*42
$DVPDL,199093000,100000,-0.001064,0.054806,0.081172,-0.006,0.002,-0.009,20*4F
$DVPDL,199193000,100000,-0.017621,0.008884,0.007112,-0.007,0.003,-0.009,10*46
$DVPDL,199293000,100000,0.039537,-0.022170,0.022080,-0.007,0.003,-0.009,0*7B
$DVPDL,199393000,100000,0.013175,-0.016904,0.006169,-0.007,0.003,-0.010,0*74
$DVPDL,199493000,100000,0.000152,0.021861,-0.019788,-0.007,0.003,-0.010,0*75
$DVPDL,199593000,100000,0.040024,0.034073,0.033080,-0.008,0.003,-0.010,0*5A
$DVPDL,199693000,100000,0.044475,-0.008359,0.039148,-0.008,0.003,-0.011,0*7A
$DVPDL,199793000,100000,0.011312,0.040078,0.041015,-0.008,0.003,-0.011,0*5A
$DVPDL,199893000,100000,-0.043837,0.063194,-0.032919,-0.008,0.003,-0.011,0*5D
$DVPDL,199993000,100000,-0.014641,0.011348,-0.041168,-0.009,0.003,-0.011,0*5C
$DVPDL,200093000,100000,-0.003711,-0.010308,-0.037969,-0.009,0.004,-0.012,0*70
$DVPDL,200193000,100000,-0.050194,-0.022174,-0.012568,-0.009,0.004,-0.012,0*7E
$DVPDL,200289000,100000,0.001223,0.013027,0.052965,0.000,-0.000,-0.000,0*5E
$DVPDL,200389000,100000,0.076610,0.017119,0.025224,0.000,-0.000,-0.000,0*5D
$DVPDL,200489000,100000,0.084321,-0.031138,0.107689,0.000,-0.000,-0.000,0*78
$DVPDL,200589000,100000,-0.010854,0.001456,0.038077,0.000,-0.000,-0.000,0*79
$DVPDL,200689000,100000,-0.007759,0.037633,0.051082,0.000,-0.000,-0.000,0*7F
$DVPDL,200789000,100000,-0.084357,0.031334,-0.043420,0.000,-0.000,-0.000,0*59
$DVPDL,200889000,100000,0.008916,0.022355,0.006723,0.000,-0.000,-0.000,0*59
$DVPDL,200989000,100000,0.101210,-0.055063,0.044374,0.000,-0.000,-0.000,0*76
$DVPDL,201089000,100000,0.054020,-0.055723,0.023290,0.000,-0.000,-0.000,0*77
$DVPDL,201189000,100000,-0.020388,0.010581,-0.000693,0.000,-0.000,-0.000,0*54
$DVPDL,201289000,100000,-0.053820,0.039838,0.012287,0.000,-0.000,-0.000,0*71
$DVPDL,201389000,100000,-0.025086,0.003326,-0.009105,0.000,-0.000,-0.000,0*56
$DVPDL,201489000,100000,-0.009414,-0.008662,-0.025800,0.000,-0.000,-0.000,0*71
$DVPDL,201589000,100000,-0.025029,0.011653,-0.015638,0.000,-0.000,-0.000,0*55
$DVPDL,201689000,100000,-0.019928,0.000236,-0.031239,0.000,-0.000,-0.000,0*55
$DVPDL,201789000,100000,0.008123,-0.018091,-0.014773,0.000,-0.000,-0.000,0*5D
$DVPDL,201889000,100000,0.018195,-0.010170,-0.010348,0.000,-0.000,-0.000,0*50